62.54546936933525 64.806904829537
81.62689282431485 60.54396414983933
99.48829755483625 94.34979925217954
93.92566430650557 13.660473231789616
60.24063181460245 3.850220757468481
76.24647798860738 93.69134879090775
18.603350557512176 54.03717479778059
64.00081189346301 42.10475646628687
68.07947115195994 79.17444605478545
79.45892594497909 61.39677256983171
69.99203116228864 69.6753671996753
66.16130940003498 89.0011408242581
65.01879470019142 22.779439436953673
44.65785824508791 61.34741165023993
72.10260425268301 53.87859439780098
33.91291856326218 32.629249187121786
79.24619893707236 67.49722750224437
91.5433638077604 5.2373632405391835
9.75671397090564 2.206592332640167
22.370039956276134 94.6743807761283
22.176579505912375 63.041630150142645
25.240785287780177 96.04955051384037
13.478762668662082 58.856574494198355
26.967991559252226 3.574864515653342
86.00583561991655 20.89059430367368
77.01192063599738 44.89864951159424
86.0089648409155 43.669139670591306
86.76100395292843 93.59639614328597
50.70704534909931 59.600495192211625
14.838360205349066 64.13760743770438
30.395378666945582 26.650891958737876
76.99778316845654 40.45409358376618
43.92080663889681 4.453456078795448
4.754157164252248 95.69702107369537
65.66329312349139 45.585986698099966
95.92370205766368 59.50526299179093
75.55712704208496 25.682954438909967
17.076914405215316 38.32462397929518
84.84847382013875 20.306098025385577
89.33493021463197 28.3055114825147
73.0679009219507 95.87706030128611
45.906885199872804 40.712177309195354
14.669375341087587 68.69737771721482
6.1876401632483535 35.081009948821475
34.441096910882116 62.81491127167862
18.946902959897074 2.008558253962711
25.44914380029383 84.61826847935616
99.26041774464952 42.27733078374639
12.719022446306793 71.31519445700182
0.2140601449656887 19.331269203520694
67.22611288368034 16.57773375502466
9.646175879085405 1.0184070106845522
37.72770083434619 11.894674805880879
14.529685982703711 95.12589442216169
55.58007311623654 10.382567326423175
99.71768285268472 90.60548197649175
82.84944397913058 63.89406928522903
1.0638476420789078 26.519822712665665
40.42093382281017 68.81359201881712
61.67489335918255 61.05362233831384
10.720192250655403 59.128450127547715
10.115296425055453 36.61359342943662
59.65848209224259 55.96636392883023
92.67230381110623 74.906883854344
17.476140516056972 88.18264238256555
10.974284034845239 42.918906928766866
80.23938279107212 67.14279418818849
50.40689322896097 52.785646951647216
85.19056629560538 18.944090439046903
94.40155087780643 51.026943315413995
49.33063562567368 53.320216628775775
18.909318129603392 45.58661185944952
77.83338274737518 32.80097459336802
78.32906686805924 60.59911952638291
88.08351841226825 91.09504116765817
0.24570150546950886 64.08216824299512
55.225833446625636 43.20412762822987
3.348389998408674 67.10067383929052
94.6387142982532 48.208579429735686
28.701404586866598 97.17359670936862
52.31084026508367 24.438863397416057
66.83226394936268 68.47156045335856
46.98731229578896 6.705154468686758
83.78941832336132 21.25948512744211
62.83758805600076 93.05521055438439
48.81327936738652 59.05511833934051
95.32697552031082 93.7114974439111
17.654102168629983 2.387509375732122
18.978772799138067 14.125309947343922
13.393053980012237 61.53872640206215
87.88161777635133 50.89395094894572
29.885223533361703 84.5157364326361
79.14263699685698 25.497890720350924
12.91816282582987 0.9096253687713607
78.97070565899286 70.58197078466097
46.49425890566536 73.01729613332844
15.896843268612903 11.731385490876479
5.604096152749294 74.92688940806764
62.17298232216514 60.6641634439846
39.112775861214836 45.84119930072173
