0.7650011404100532 -8.62457481422189 0.05710456700474964 -14.673669399496648 -19.242675234937423
-16.02143906423213 -2.7469553730826775 -18.66420452678788 -3.917418313238848 -8.170346984068143
-20.88655636501034 -11.277349541484044 23.30651169462456 21.264713654926155 18.728156692909245
-8.431969599343859 -16.22794411537268 -5.662804102081626 16.68034741523585 21.501358871478338
23.057877825763264 11.753487659146316 -3.3270959840519687 -1.2302906299746468 3.2699339385659236
-11.340507823905266 -20.014805857439768 -16.5961971083024 16.942001917940914 21.207285112836537
3.4737905724033737 -17.03412625379379 -24.16032772157083 -6.073720448025739 -15.610214329136063
9.808030618024006 -6.13031884246471 -9.507636816455411 -21.301661413585528 23.359098924421538
1.423739309920336 4.803222483170526 -22.648647389206094 17.628829622552303 -8.878960458288343
8.566188455543404 -15.864592417762847 -14.131747069997669 11.652546931633836 8.673469227379435
1.4462150352921874 15.458063970627734 -4.176552836580733 -14.555863231949989 19.715598928600947
8.588046585490687 -8.414866913924072 -6.568863158716876 3.406181504453148 -7.905576162922252
-16.689958706642287 21.625852710018798 -12.777707441954849 -5.56004031334874 -2.928629908110665
0.31007463776224853 -14.646248892130009 22.19436724600277 -14.51215507018654 -22.69173427559047
18.43556110421497 3.345405642704801 1.6132876868872152 -24.758072312888103 -18.024193885743017
1.05842291573882 -13.144098799853927 24.10445315244251 12.803414400705151 -22.74051140006107
9.018887013988945 19.341726291608573 -3.9260824147266113 -17.278196737585976 5.275433489296255
-4.424488778062951 21.503614909369446 23.21282321183262 -2.1246637428142527 2.2850865511669483
6.593840760261255 -0.5774230134037452 -6.004215505734567 -4.431317010282655 4.304951628209231
1.5701379591307578 -16.663785010192505 16.792085466420552 17.701691389935306 12.168526047842569
19.185768722340242 -12.68097415148532 -17.67120932254474 9.982348542511609 16.805778055197138
-13.008570360308342 -18.678858652391373 12.790485099392434 -18.817013377149223 -7.210702421339427
3.0147178660169622 -8.63522531365965 24.75077006692483 -9.413405547858444 -0.36378892887817216
-17.685801087603192 3.4581930124050047 -23.30722776708607 -14.203858836041933 23.618256123963086
9.058778492258575 -20.77057562880431 -21.91372244772974 -18.46442789910538 -18.371413891370736
-5.383351088636861 -1.0362028798336027 6.861143423177701 -19.28461351748938 11.572520561429108
-2.3149929618427976 -5.386185507372893 -0.35999686119073715 8.649362368224729 14.131163795211478
20.539310430512337 -0.30970109197454576 -13.5798487694683 4.606987425679364 -16.014098825799216
24.073657250318 -2.0775357304729134 -15.81967430159741 -13.82545056682803 -23.58774579299481
16.75952443761374 -7.453632565347878 23.005621406683517 -3.114274270937635 15.967050239891364
24.37102041100067 21.363911589467747 -18.913342106745603 -18.31550081313854 16.363341730591216
2.9598378310132 18.38569699967867 8.34679544931609 -8.15690708043742 6.539126560448899
17.780386790066252 9.388497276420196 4.049876572842937 -19.21267597558934 -14.747232991458963
5.472950138489757 -21.56475395484447 9.854216846894381 18.14428049740416 19.992583063601224
2.3030695151514777 -17.104913947217327 -10.445030114077147 13.697976668294864 -17.727391495072574
-4.775340529392864 6.588627293829568 -13.274663159520173 15.329903913223689 -6.49447554116805
-5.188473063265487 -15.760888430397186 3.1400892322274494 -12.275713213613153 16.530505870247794
2.1294813908005317 -19.957587992659043 -20.973515906643485 -3.3897405292264082 0.29017380718788743
6.244548316666059 -3.9857621138425543 19.88570281747296 19.65793913744652 -15.420136086206043
10.098731471687103 -2.8436253391589794 23.276353090555816 -20.464626293087875 -6.776820575484599
11.22026221065515 4.119866920135891 -18.41819299965346 11.073530421140191 23.54353999454046
13.618069540708184 13.378367433966275 7.040979849902364 -18.25401040266228 -19.29022874165305
-5.4282291603373345 -22.446832633500176 20.53299849637203 -13.471784444914093 -1.6767910831207047
21.34321397777125 6.8858558226923385 -6.501142171622632 -11.66061621940177 -15.529072791869153
-6.840098729524591 10.875245359552693 -21.84659998427611 6.435697944839337 -10.900361201051018
-15.798026085836819 7.098669434359159 16.91391158657111 13.74282240882063 10.63001600973584
-9.512753883631214 -4.60177408619316 -0.4323176011568286 13.867274155979139 4.100219160866498
10.537514190147519 16.776838658617024 -21.988630496817684 12.788458058507274 -13.594217594557845
-10.06153011079151 -14.265781517195169 -20.773166766084078 -13.44925776827896 -16.288805856681204
-20.068448548555363 -3.624476581653596 1.5353770355802716 -11.764313330169601 -10.00082038909743
-8.182900205009346 -0.8617852251796521 -12.975117661305912 -16.22796216379906 18.564758537790546
14.538244555749742 -24.547222671721347 -14.095269721946718 -13.654376142765184 14.650936863267972
24.467135478049265 15.516227077028233 16.26405076909959 10.067380447414457 -10.012194421068
-10.068107128771409 -23.164885023219817 -17.483860673897826 21.212953231526463 16.793608351089247
-8.566126566303794 -16.633782550353544 -2.5806135463884985 -0.7316975767846401 -17.722490965249605
24.529283025626633 18.876943599137405 -11.507193046678898 -4.896902021654302 -5.449042940404542
-2.624903144242296 24.946722681644466 11.857996826506657 24.350411935681002 -8.425732164019895
6.740459200753662 -18.26795119566482 15.861413961758544 -3.0602000158262577 11.52191020601753
3.434938957225114 2.0950192826335865 4.4498252293096385 -2.9170989892520964 -8.685954376224302
5.672428622160396 23.428475073576024 -3.15320361227786 -13.026639136411077 7.070791945676497
-3.987631072713583 1.8632843590653252 -10.069865688342261 -5.696562161119363 4.579491468051721
-16.939461521923505 0.4166227383208039 23.566758524000726 11.945464972792166 15.361362459713071
-15.362887842371698 22.26378513074505 16.99922434244005 24.375498170242736 -19.71609943583618
-21.586063196951105 13.434467064646697 -14.072040735129232 -4.8957960274585375 -22.51682914825399
20.454349675918692 -14.06209950434048 -11.06451285476373 -18.31900193670226 5.570370527190459
23.78927213724105 -2.9491266480929497 -23.97004816397854 -4.988981702832291 -1.5383926487856705
4.3011165747671605 -5.645560435249948 3.288935959476781 1.8183617148619362 21.98724831471224
-18.794958743226804 -9.045651348942913 -4.7090157653824285 10.173534447639113 -7.1015184496287524
21.34279278576922 -17.959090600821337 -8.7588005762553 14.792206297851962 8.783282909260144
-1.4468948905538674 -21.459613504458375 0.10001659399321738 17.498420728492157 -6.593095916065579
-4.064421510134213 13.294590418580547 -15.58882176638488 -18.92472391479143 -3.6927401047126835
-15.530670913213058 -21.87707713800564 -18.296003996285727 -12.324991785664906 5.778815197699522
-6.876226846837337 -1.4621722414936364 -10.9838773978713 22.197334314495635 9.494344456957727
-18.550271773986175 9.830724744234885 21.872121552565446 15.621394173141226 -8.858093992779892
-3.6723396746578594 20.872614132351657 -20.065568345002344 -2.8288971482604524 -17.14256991099593
-8.98521631256191 22.232533213361762 -2.0473003812989994 -12.035522817107003 22.26171449820915
8.957517750447714 -6.253630198853326 12.948976282066596 23.254685001809314 14.856690748070193
18.33701573809072 21.339049505773012 5.876314639269808 -24.677075529274067 -6.448562791924807
-9.315904249635842 16.50809796824037 -12.874250601732257 -13.603489519146628 -20.518517571552557
-20.44914659963675 11.296040520123121 -9.519830035780114 -20.97652589282273 -12.426515443840602
2.7887024894601105 -22.548822216880428 21.108244742685805 0.8089412030603498 -14.087669778597961
7.699193378377508 -0.465860731177969 -0.9133187972468875 -10.582980298605282 5.3408861661524085
15.531555151187128 -16.19451831121929 1.5789640319803233 5.918352377080211 2.2759166370738946
5.7439839462392435 -6.799965484393667 18.007935872898543 4.67379400936554 -17.885017031878817
-3.0152706901689186 12.262048171025626 -3.739166166497032 17.718357901205458 20.122891882876175
10.137904519928902 -9.838739493768522 12.219952513091755 -3.9891162900392523 -23.60931671748444
1.551780383382134 -1.211729954251183 -20.913811670400058 -16.05322587186163 -22.46850911514328
-20.269129594154585 -9.191360088306677 -11.760559528376252 -7.803959938878712 -20.63078712050268
16.750320708145757 -14.835842656446053 -13.172938042834698 -14.204015287553402 9.786316608769155
-4.600478897289435 -6.596574580317068 -16.899194427384415 -19.82746575229344 -23.51061169865109
17.52975360484872 -1.1161807953230287 5.397158641080242 11.357254755810075 23.358568981761664
14.194502559222975 -10.46859679540365 1.8297929507969783 21.582876373500042 14.121622389248436
22.73104849981369 -1.008781676383748 16.63068524445471 3.994014556072095 10.43958410950792
-16.642360107945727 16.75648091646356 9.768980750261186 5.565801295516426 9.104229670109781
-11.830097196518253 23.08803750378665 -21.62422495419905 -17.5098452502191 -11.163606277030286
11.006270858629698 -9.330280864364425 1.9959620789028847 -7.354038764940533 17.233339543217596
5.352107979897259 -24.797114908508135 -1.1585996325651422 -21.90808945873497 -14.463657587586187
9.819401250945866 5.008370100691078 -15.125199079743751 16.06745062171725 -11.3598736714631
21.802683588120104 11.29781322135429 5.34697557239382 -14.949823309606474 12.087542629592022
-19.491122207938062 -23.708925529601593 15.129178292452849 -19.644537398655004 14.82217677028018
-6.832990747108543 9.398718482263313 -20.616432502468424 16.607030663229523 24.18029310316426
18.72534628712536 -17.538505441368223 -1.999002262123721 11.787169227751171 -7.2374159157569125
-24.812961166026458 1.4042975531213457 0.26084704681636595 0.8023732186361379 -3.0948041228494425
19.20549278825031 20.921153254448022 7.238009706223103 3.2311497018595965 21.083415938831543
14.371107299173197 -15.65816133746975 -6.137521080808217 -2.909078594487436 4.309081428728167
-3.7771439535615237 -13.389827488121448 -15.910103069449594 1.8924671295220534 12.207830682146806
-3.2185418035116484 21.745231841637832 -12.419423292599241 15.716397720472607 -5.411862709268533
10.654031502888692 -24.064847088725553 1.5678861529921022 -2.4506800353441953 22.54665023190249
-12.167517373146286 11.329810664922022 5.090306296590864 15.952011980841142 -19.715738123778166
-11.011308049843377 -18.57368505406748 24.820070255757543 14.400132640080024 -6.648118731973398
10.420792553266637 8.482852825224882 -20.614257334457314 -3.405516405166864 17.140221818634984
-8.811502198198014 -13.235318782379435 -20.604728059012384 -20.590446252048405 16.64990724855803
-7.234769773492623 15.824285416149884 23.038713772887384 19.86827249842993 15.78307720562806
-4.93820351758648 -19.510096589474998 -17.15436045599364 -21.717286402123136 10.150822685078097
-1.8215539035294697 -0.9764227669661736 -13.056948006600965 4.163768663299432 -22.300676529603386
-4.081503820210457 -18.588991930533982 18.076812926307156 -10.196864277149542 -5.252362046052866
5.416233233195715 -2.204240867561218 -1.374862798507575 24.382366988667492 -11.512592340024774
19.37635170025594 -5.9540325984287 2.8845970610059233 -3.772672373867504 -17.136124347485865
-21.46632675000269 -6.4971911716516395 -13.379255321342177 -12.696949123321055 23.961740509424494
-21.366718684337133 5.671278867781766 19.9320140796766 13.492347058838348 -2.8535652848874093
-0.2778771150103161 -1.6368360762506313 22.870598922840017 9.199423111307468 -13.718077649685934
-5.409523360057662 -4.371217041902199 -6.643470056171413 -0.49077581362166356 -24.937282145332972
10.45936899212996 22.401629659432864 3.417732362091126 -15.085716353708994 19.63064511201827
19.991305690138397 23.23183653837814 20.359771957659213 17.170331795123026 -21.550838255631298
-4.702356909878226 10.074038522784889 -5.537040581800586 12.652622371071473 -14.627767765835763
-11.013600404850067 -15.761415279369324 -9.485953266040342 -5.004615578003051 2.891033350775942
23.710148671730167 -4.380175215471471 -24.877070825043724 21.600503489772045 12.656762390453025
-19.03465565182683 -22.207989442948485 -21.689100254184307 3.5214804178257104 19.15331912528527
1.1292793918025126 12.73581819461625 9.460296743673936 -6.042937998106375 -16.157518212960923
8.94511111033566 24.890126484614257 10.21393087782527 4.931798740027631 19.507377802966317
17.55815982451987 -9.148937015239989 19.55478138780181 13.276572815749269 -3.164794496394318
8.631692823943652 -19.027274203492617 -0.44701417715551983 11.15537101035153 -9.282525076301207
-10.561274666313592 21.79373265598074 -13.133026655180357 -11.848480582054465 18.22577666591358
2.8180930319935342 -5.647600495769169 4.625442882925661 24.865616666047686 -6.910614091945909
5.3256951435020845 -11.318651633091386 2.8079071646377507 -9.21915745105905 -24.866950085898925
11.52839291263517 -17.336933362258584 -15.755647732686972 14.319391735943121 -16.152156441913117
-22.966363200121677 6.188936943585414 11.015605313488173 3.566864792085344 -20.13898418134451
-11.268853375347993 10.653674711890638 12.88948723786568 3.9418834234071376 -11.019000793642942
-21.624865609223942 7.62818790138293 -8.21489744393374 7.1603772287254515 19.729845396944718
-6.050727021567315 -18.162218303605314 3.2872858958083953 -16.865676130366897 10.07282404505034
-0.7572800445258494 -5.895337900357788 7.505832757212552 -23.695709618950332 -2.1093390771578235
24.127253587961768 -8.825118504571073 -20.31168859977539 -5.567144241922463 11.188772603427708
-15.11932297841997 -10.528462589639748 -14.224003394104463 -23.890625604324732 -1.961432392383955
-18.518040969336717 10.238830526479717 -5.566684746690438 -3.5732578817506635 10.505818672865317
-3.268749524190401 0.5602102529659874 2.8357150650210556 20.526318457475803 24.372081257449892
-6.942073862023225 3.6704505875398645 -21.048235208840566 20.201311683813863 17.598588117298988
-10.913490167879164 15.739132976904997 9.62185367585743 -11.501205300006195 22.052054432139578
-8.625789907351582 -4.39671167931084 -3.352229978228287 -5.073055694947321 7.9899017874063745
17.385123901561492 24.006123558238087 -21.424212362828975 13.815458398168765 -24.84794262150703
18.811026459688783 -1.5891572037752866 18.798394452894243 16.668908074768105 22.66271781282734
-4.667239826166348 -19.226010622591833 11.41818292604593 -10.934600713664471 15.803095640611254
-23.95220843294748 -23.499661805276723 6.2878928647739265 -1.5275407865553419 22.48166382207028
-5.314936766379692 14.598629322455025 -19.83848726025365 -5.743779593601367 -10.091551613950129
-16.002519913169664 -5.730194604903481 -12.016607614549123 15.091477619577361 22.794300730129052
-2.687196118071334 9.295727954263953 -5.382644626271301 20.513955111557365 8.039045136737258
-3.696591272886458 -9.883405087627722 -19.572450131663203 -8.110884544580614 -4.418129284039416
19.356853915329907 15.052572386519543 -10.61275833318906 -19.68635841242165 -11.401508305535296
-13.295964178021253 -5.2563774071700315 0.8260060982517352 23.651579344130816 6.756913039170442
2.2687496287207622 -22.713590948094847 1.0291152153750716 17.381401651833684 12.52504937560456
21.957589345371332 -13.598177984665337 -4.656427047933175 -13.09520504158651 -4.452699348499927
11.644896634192108 21.23636986603651 6.018500972871273 -14.767556334366272 23.699465536654778
22.55029200725506 6.227347017040373 -4.034664184540372 -9.83707077451313 1.9205887757162863
-9.824223483986971 -17.930021644960682 23.304122519953573 24.45101012415519 24.869766367435865
4.7989260886834195 -8.924452196250304 4.9008883739110765 17.678833634662254 17.70479773973309
-14.800707476042813 -4.7151919483939935 -23.612034223603732 5.003741089556424 24.23391767084219
-4.528451884825564 14.439893136544057 -15.460858765494418 -7.508053363735861 -2.88211619734831
-21.022394012194024 -15.149209636752731 -4.206230274411315 8.278201686303 18.975971015677857
4.5408669384704545 -20.405406156825535 24.414682190232355 12.747377333688185 -23.96975724083214
-22.58953677067407 -21.424494073047708 14.378273602385825 -19.154553057830537 -6.033045875345572
11.002079660474493 7.117134607113833 6.477797151348341 -19.166905080380694 -3.212768509143306
-2.7292962363797812 13.028984256905268 18.650651510621316 -0.7780849033819699 21.482271307157802
14.463012027299357 -7.971044515176562 -24.352147769381794 -15.332662993670604 -13.551823327910489
-17.769150551057805 17.944114919980336 4.726925417255636 16.667358214342407 -16.463376851246753
-10.49931702695242 -10.632150317306843 -6.584400259797 10.41427690721769 -17.60751404359536
-2.6510506012816393 -17.436325315864295 -12.595351807442551 13.513413270073599 -5.642525543353777
-18.08691560226304 -24.003983840121705 4.813411985025052 -7.012429786537748 -3.365751895613144
8.118842485003142 -1.3223689470309452 18.859580252619757 10.642329959694287 -1.1266317335333689
5.339166502655914 16.656222287725306 19.23520182473841 -9.098509084158001 7.990368936971414
-15.300720291628284 -17.531177790297193 19.210479054200377 21.890409857511223 -16.207713652606813
18.823556912533604 5.373443487201374 10.70012640030226 -18.078313476101258 4.571878658088895
23.85214345363356 20.39156465575079 -20.52733226136106 -21.525972329513653 1.989497625849669
-11.607819455008778 -19.981087964419274 -7.322266281714402 -4.332819801728601 -10.232096264714457
-7.335339884380449 -14.741475558086853 7.847532459346418 0.27538647499630287 3.10243176708272
16.16641408585398 -3.862298041890135 14.987856392093342 14.685283655199285 8.613009210997923
-1.483845756185282 -23.187384883026635 4.090495394177097 -10.833608345132923 20.042197170521767
4.858723806853156 -15.874431376522203 -15.944509555402874 -18.47323170909318 24.161183623875658
-16.66308365517407 20.146060232371532 11.946921823665747 -6.067604885753784 -23.800931802759546
-19.055328050776726 -1.7471444599438541 -12.568124806067694 -5.45912798007485 -8.290174042683347
-1.5117540744576985 3.5156535604872907 1.9102513828253613 -6.606941819994699 19.368520288629014
-5.726970043705958 21.56914012445558 14.874435098021891 -2.868907920786306 22.8587981905617
6.499049826471804 24.045023666149064 11.43261913656248 10.457996009299869 4.707198208864323
-15.977210659771924 4.949017658508737 4.820084127300518 -23.090055370238165 9.077409306733927
7.354678638067369 12.931813554533122 -22.2542612233378 -18.28850676096685 -16.229542212838744
14.758670215173467 -8.160863498055846 -9.5989976719281 3.3063130528063986 -8.958959728953054
-16.373576641569755 9.801937151304877 1.9500302072632323 20.43214694288337 18.341944132544697
-23.364895725807816 -19.315414655762446 -16.572656588269275 -4.679332262877402 -9.55334064857788
6.073558244275812 10.582850042771746 -20.513895060328323 -4.355747129063332 -12.848727113129716
-16.274198101707448 -14.61484797666414 3.2368726315121883 10.347785441550442 4.524539439347514
-7.226682276834218 23.457072841461418 -5.977570868837862 -16.597198971413956 -11.41691586239315
19.553654697848096 12.196696065500085 -10.376370328383256 -15.13569991609337 16.14040832003932
17.29964378452606 19.10806597841883 1.5131692566739972 -23.702139163198726 23.362389327388563
21.245047292727122 -24.800436517197642 -21.31881830742503 16.17187169313683 23.298643590078896
-5.119587789916892 5.423147800708918 15.744526669056569 10.644147710567204 18.069214924107676
-22.33533397705464 5.4169106825751 -12.534555844577866 24.703844818702834 -19.597441271265676
-9.429704072473532 15.65737553867875 6.651547073424457 17.51059308233574 -20.68877999871987
6.850242992190964 5.098849329983619 21.608308407323307 19.450156275459335 -8.019712144877957
16.323897957239517 14.54043867843425 8.033413216030006 -12.741065984688287 -4.677576624199791
-18.069361278366266 5.077038556839902 13.607060204600565 -12.135936795244373 21.804550661862983
-21.98096011409409 15.97691749911045 -4.934077821692327 5.325748616362851 19.86497942201852
-20.897693623950147 -6.951893814098874 -15.852584474021569 -21.49900470322188 -6.873209721028484
-15.794148969906235 16.428530963700723 17.693646444352396 -3.4344037089033783 2.2412526153274435
22.140375915602753 16.954891832400037 23.067248473239147 22.667442087794207 6.280768457514014
-18.66073162243726 10.263053704528353 -6.831708555515181 -22.422593276442846 -9.508796898708965
2.813751227590039 20.13211325990671 1.3315403359379694 -3.829234583237689 19.343620628059398
0.4962341622353641 23.022315871391633 20.620448329174437 -22.066089997461237 23.089514509230966
-7.334887856828814 8.09716493092612 -17.70055095774571 14.140008720745243 -18.5672319497312
-7.737421236177806 10.938402728932509 4.044866983418306 -2.3865025541742533 22.78841227327974
-20.65890392991009 -1.8289166909284909 -11.75345872897051 -11.944967178341608 11.863258077642833
22.124790499548148 -6.649750881520262 -4.8400563733814295 0.587544532943074 21.697147323645268
-14.43126121716713 23.391964335175672 18.974108703568618 -12.510672684025165 14.945984792945353
-8.569969056754328 -13.173090884459281 -18.201191473370095 8.132433871755218 -6.413992283594343
21.297084351386715 4.115041506375277 -3.554943410193612 -9.21060120065253 -23.744425992572403
20.425498171071723 -11.096599390849631 3.6914497501751846 -14.463204523392575 13.722409741319744
13.168179299636371 8.337415736080125 3.5399929867243003 3.241031825689994 -19.862052519329033
17.612064266429115 9.757001373472342 -18.276491558632905 -5.353852346251436 10.421592614329953
-10.424535445476973 18.474956230980496 18.587556916524953 -22.108502358912112 -15.431901473686821
-2.888436336517863 -10.092413811660379 -16.45346068285943 12.731028076111194 -16.478230422694466
2.2386193223120294 15.498811727564686 -20.386796974700584 22.26039207249785 -4.4306558261788425
23.40694852084446 20.21267685090919 11.604641523321952 13.093510120450134 17.217462874896803
-7.557146727476987 -24.34363222480022 -4.579426593228465 23.916532691381853 -17.573764230716076
-1.0504392287292816 -12.266835647104646 -5.219606093507707 9.544502958738704 1.4880701892126496
-1.2571998845691432 -15.062856207741365 5.194141643934774 -5.2811539766171975 -9.305675921483402
21.27832649233732 1.7409795683226648 -6.043574589323391 21.35213521724603 -0.2531610436351919
-21.085829818568246 -15.568090501445376 20.617282947594923 -15.154546464634544 -7.950254212654805
-20.104792722826716 -18.59875498098514 1.256486395868233 21.981916468865073 -24.355187288295678
22.637602027676564 -17.705063362911567 -20.741417486632535 -21.6736861348976 19.561292169569363
-13.407481609354566 -9.528517638038924 -2.2096159616262554 -24.535260819248204 -7.441169571706919
1.417433045711892 18.215242747492915 3.4429342309371727 -20.42940947728639 -23.181322570193814
-2.2159836119574052 11.264297346645932 22.601375615659578 0.10518076028459689 16.527787734988294
20.752737405345187 -8.387193947135518 -14.095990727808177 -2.252076323576336 -21.490971840847134
-7.9736682047102825 -15.385710752502668 9.414435082067335 0.8150874000263109 15.589895116930727
-21.825929975142593 8.813938692550913 -9.674167998328537 -23.65973424953529 -14.591035290240772
11.51586009811647 8.282931124641387 -13.267650786703516 -15.059143643784239 23.135143041459614
17.64689212996776 -24.47400597489154 -18.364846088768005 -21.08603550315961 -1.5006464831162027
-21.95839941188741 22.390994920090975 -0.08448606821884752 5.065630670447501 5.933672198069413
-16.669893631998946 -7.821025636782352 -7.460532552683141 -12.199739153913935 -10.020211144491803
20.847194524447602 10.289480992327597 -14.682860305910882 -21.047714629768716 -16.90390913802083
-17.697094454721196 7.777115065192483 -20.341361306276102 19.62944093123972 -18.13289002262219
-1.204723658786932 18.070602140570294 -1.0900156103866863 -19.868409832487906 7.939787917784479
10.19691321080478 -3.0794185110643078 16.180402035527763 -0.7337347597099964 8.406858503550374
9.131624204238229 -24.239915947590106 -17.238273587275376 14.485479964805464 -13.900769201015283
20.66339178201647 -12.968295562378923 1.9106861359068468 6.352668214111656 7.390383791105677
-15.188424133913308 1.5269039022054898 9.649833389955823 19.754469737843714 -18.138138243298087
-5.483401851132484 -4.620361034393017 21.832421632598944 -14.901680347859042 21.925165160150115
-12.578512964348926 -0.28243917227935356 9.682619332925974 14.632319055719684 18.689353729978727
-10.151900751951242 0.5765477258763525 14.737386504196373 8.951446203541217 -24.601376428208194
-12.273476644808245 24.42100196874314 -24.857378330015496 20.291384627713768 2.4808557962578703
15.47960771136259 -18.522565503002973 24.957511555386148 -4.707006635071771 -20.15118839547193
-13.312545564459683 10.242080275534512 -20.66599034549116 -8.16277104917566 7.738139256112156
-9.155364585888282 -3.9147225616983796 -3.834334967138659 12.148149139310483 -5.088719884218946
-18.525125647816616 -20.39460844252732 -3.4370223135311413 -21.507624574785446 2.3970429718400617
9.776370104644322 -9.625615667036696 -4.841805714211006 -1.5896760174830789 6.475689614718881
9.895504000245921 -12.10201705241153 18.611426189173187 -24.795598221957516 -13.677402605849837
-16.688696346020528 -15.074916563151126 17.730252279188655 -9.97859091827214 14.71663074002145
-14.250281178515179 -12.166476834184659 -11.14863595642423 -8.01755175597999 -0.18660777533347428
-0.019760519463478232 -1.116871786894695 3.2039769480497533 -14.916182018965952 -8.881024701651214
-16.616888520081737 24.13498169509367 -5.098578453893975 -1.4681360563161334 -20.930934882262434
13.511112516165 0.6668587017829353 16.031503667110798 0.8948241849312488 -1.834243408777315
14.128537451059586 -6.976276410240235 -6.607276461346288 -7.824074653740677 -16.41957601238793
3.9473733084710965 11.707200465267029 -22.48994367256225 24.66757814295091 10.231186633208608
19.303374557422245 1.599512053081888 12.904622108766375 20.84133953920295 -0.9207885743882578
-0.028137175980656792 15.387654610892888 16.954415110990148 -6.144565855944766 7.134048483053348
-14.060226532798502 14.174001235464104 17.106707456724557 11.472337162203594 12.051154527453548
-21.944901855033084 0.026370734798664586 21.3443218893834 -16.096950639496544 21.7439193456211
-1.2393271465764961 6.852623806416069 15.823633540848455 -15.704347907470762 -6.946617840974646
-3.6761432615523297 -21.136845756034518 13.512888526380891 4.683676362765887 24.217123271721356
7.6506067284876735 14.988763677309407 5.600935875617637 -7.703669298797294 -15.110769456848322
6.954963775280454 -21.159048984303872 -0.962104056125618 23.172543368440316 -0.5276756592150207
21.18302744583108 6.717626471406547 12.463359716503248 -17.774616250467762 -24.20975110201648
11.67708731761688 -7.5811413078445185 -5.401136174259829 0.23610700681427943 -12.575152655714172
22.04630428516569 -6.960985461844043 -1.5549058297753433 -2.730926636590297 20.72171522888212
23.17508034337031 -23.62882140739004 21.701816957859364 -10.736731861243399 0.8916526127650357
17.42606286435928 -5.2176888271063575 -14.385651680853528 -9.561535747607163 -11.445827999457109
-4.832874828853313 -2.6487043287944587 -24.9415810072734 -20.648823388401293 -0.17635758448638228
-9.236677404346288 -6.45500158793314 17.520078174922688 -3.6840996845739866 16.628457867336337
4.863088683744042 -16.675240469665695 2.542027934510166 -21.720544508265235 18.633987548239745
-5.010412600558805 -15.731930501248897 24.13931655801185 -18.81415702163202 9.436443725066198
4.177922859027149 0.306911026238776 7.390042530098128 -7.093648807327803 -10.283666400869867
8.837296439790435 -0.7309920037722755 -15.522340854076417 -21.015426568464378 -15.467123856136277
3.492543305257751 15.749407350962422 1.3392566385943319 -14.578083079724951 -24.11050595607244
-10.959142130073774 8.65147694242635 16.612897238839054 -10.123879279996324 -20.648277243679438
-7.590491950751542 13.391813952173699 -5.055659259008589 17.773254583213657 -12.68910803925753
-1.82213383228126 20.96675579287224 -6.676024187066922 10.292681789915385 11.646861120841088
3.0760396346764374 -22.68416708672908 -1.1697925756020453 13.919321728558721 -20.243647248710616
-24.530115606686376 10.713565726040997 15.757278390675388 10.28357367557274 24.955863676811383
-8.980376379730021 5.383697994397885 24.80056211507315 2.3381195510575594 24.441190309620552
11.753648203075642 -19.789899968733316 2.3143395612673423 20.955625578390155 11.702081103830807
20.19421372902776 0.04844263802947779 -3.7431829244012853 -17.409358294433037 10.260160467082471
3.3456271375858897 -13.568330440574488 -23.211982451271858 -0.2898358122603035 -19.197285860233215
-0.27004290087487703 17.259799731785648 7.14548297378068 16.02209331641707 -12.521321294865329
22.650401887534308 -18.428598193350282 5.076435056205099 -13.405444233152025 2.3067198182716844
12.263857842148909 -16.891941612678487 5.30042549373751 -3.0536888122525987 15.33639311118916
-12.59307230438893 -6.914506985994894 -21.601670272942513 19.943540146502002 15.949053089837577
19.208281212727513 3.3601773341262238 17.22323381930633 13.044462397202807 16.174592076425917
-7.747014187713162 18.619805031748115 6.730665611685442 10.298790941059714 -22.548553080483508
-6.142849970970833 -20.280363809669076 -7.977600022677851 -0.16655846517955553 8.523885926901102
-24.0362560401817 -2.1388958783442646 21.844079555963027 -17.601175286335895 -22.32405028880694
6.40830747853456 -11.985175949068433 -24.654948832442848 -10.744810415180838 -12.178758588187794
-19.80052544260049 -17.99271911265502 8.762908635823166 11.16999151255731 -20.59274206138515
-13.928532203787675 -15.174389805744687 -19.666575117594256 -16.47610785764207 8.258430015712094
14.713329000297954 -4.153810585067845 -7.976346899524028 12.64754284700377 12.634975204057504
-9.352417069635333 9.440615581663323 -9.017698584864837 15.872616758467977 -2.3504182878523636
-0.040245040000542076 -19.904292241744937 -15.280859505626704 -7.540056971482272 -14.005510173807023
-9.51397485237983 5.716316315055337 -12.662988745292964 -14.840197524634952 -20.768215014623987
4.047584103755074 15.674437602347737 1.1050570579842152 8.426337253520586 8.603356871376555
-13.19556818205842 -5.552164245937028 15.367122408923159 -12.737305292865026 -2.4772201437781085
-22.11998145947629 2.910738551434278 7.030571022584041 -12.609755405242918 -3.251125191152717
-7.064224692324483 -3.0327595158726517 -0.37723512373109713 18.017325168570864 -8.574562776024692
5.483909987685088 20.12408652105878 22.97269158866264 12.28039883859934 11.009262216654733
11.245487708785227 -18.507250124002745 1.7161464616538993 2.644571219059049 22.68899489833902
-3.854680788303334 -18.858466554448206 -8.084265033040307 11.123472794691253 -13.392116846179903
-6.014931666440297 -6.290921320086241 -10.538057287245351 1.7605090455983117 -8.053671994967974
12.789694045717141 -24.471638004982783 23.707995267958225 6.072598960625612 -15.586065355014156
-18.175814972139847 -3.100091432618722 17.83485084607465 -16.60041071852089 23.457870442971803
-1.452850840085162 1.7927101721014793 7.442329884954141 -18.336020012296004 16.970372213208066
-24.6596702768536 22.856766125429672 18.335706703706073 -18.215367922557974 -20.50848504919965
16.123222428802578 17.22994481034815 14.11658471790588 14.267115258825278 -1.2709529669872417
-6.342994179891647 -9.028167850219603 12.400115294940392 -21.928873573764868 14.380296369153406
-12.747062705655242 14.68484088669036 11.372073664957085 -22.166939679362606 0.2268987628503929
24.125325119261916 -19.263785957506663 14.828374195107621 8.603154776463803 7.858822448612749
-9.291469537423996 -16.844342281610253 -11.549683978514135 22.80585068751941 19.918184800721498
-9.518746974027293 -8.901699191905216 7.1650925270936625 13.59229514194707 4.9239033726645225
16.25315822861827 -3.9720917268281433 -1.456629857095166 14.291816936486754 -9.389144392069559
-6.767386591146522 10.478180358037207 7.706013664262564 13.592384931193436 -24.36273555990498
23.46591625020573 16.01750392455328 21.15583507487021 -22.598288651574023 -7.127378440992651
3.485134546176184 -12.209582925570228 15.684250330195084 24.702545748812852 20.121033663452813
7.334809262545967 24.02667110551822 -2.9524452481004673 -1.916607712405959 -15.876726324386853
7.381546134319237 14.829491482802368 -16.021637900906427 11.931654302298043 -2.812635410787461
-24.880071496078575 -16.16324419493794 24.783153342891623 -11.634069406521535 4.349646956892254
-13.539055477920448 23.896712967922987 23.909104353748404 -20.034131519281058 -20.585582745130015
17.75654350450818 10.64363661706507 -7.117183797259148 -5.3667813331220735 -5.674370157564184
5.556222069684559 1.9269495132420928 -11.418523284243133 -20.805345912556213 -5.869356892956425
-18.556045030604054 -6.921487240753578 23.513359223786935 -3.5653590059082596 23.323655196406925
-22.326291412522608 8.634931850130926 -3.554232674162666 -23.68021302091103 -17.575993454113323
-3.7462602514407237 -19.308296819531336 16.042059156319247 11.98432656839126 6.28537722928419
14.996454299020499 5.628944874897577 8.96520109223475 -17.39336402981858 8.61161631403482
-6.4693632694823044 -2.280973463977844 -4.459050761285592 5.603105527673648 -13.108341934646194
-9.789939905442624 1.1288097987927408 -9.877551456965994 -5.43447336348639 12.58575641770598
-14.536095449553738 -24.11343857431854 -9.558237437106076 -14.733349605903989 11.620291520238425
15.507343160925387 -17.051884707503373 11.403703168484917 -20.989314207950176 -23.213623046175293
-2.2957683358107346 -19.373301004763498 -5.664096842118298 11.56687585382408 -23.343712138942557
2.6758673065680156 20.97169347342306 16.18017299150464 16.314416957805797 17.6904889099418
-6.494949160699264 -14.600208837310353 -1.7683738089073984 24.02554205655266 17.437100147747472
-24.692456127272138 19.762258047313622 21.502478545313984 9.970345584802068 -22.66454992900201
-9.879574627849985 15.155319988244607 7.998685107511726 -18.190148294939533 -3.193631146942323
23.423119505015656 -18.527395413857594 20.845430696641785 18.482317562970493 24.765686429116514
-3.2102227471292046 -15.921433091890247 21.96719509268471 -22.44350301493175 23.70824314030849
-9.395195653881888 -13.39037597519454 -19.001895868433273 17.123584080789918 6.774920721243927
2.6746074317758612 -11.442099336807582 24.07262686694981 -8.405411365954059 -12.250323951969966
7.743386467444665 -16.35628890371848 18.89107527896079 6.341662974708289 -15.662958715971243
-14.037646267015946 19.088102316325767 2.2546559719832118 12.031318738287823 1.9289643487267085
-2.1689530747482486 12.314546525758665 -17.046342214040628 -14.088463703192112 -13.035058358280377
-2.308822067032885 -10.723686135285842 14.368855842100878 4.896640427302344 -4.38991217894883
22.944062603175034 -4.888077837832817 0.9126909973814215 -14.948093290675091 21.469623962151708
8.539390526006947 23.239954453398113 5.825153791705301 -10.471682771009306 -4.590498180134823
16.18783525774908 -13.257894783352175 -24.878773146479904 7.52729375215597 -1.853965171895826
4.199395452259903 -0.3640929334684415 4.800179609415263 20.64758479017221 21.082894465843097
15.925368994003804 4.942464881568121 23.67236215637284 7.886466688627159 -6.859255633995886
-20.013462292766675 4.317241632434293 11.546513419381164 21.55627634063248 21.514661791903634
9.597579696641127 8.415277178732175 14.708726726497268 -17.260124258772503 9.659370702857586
19.64758846553314 22.692544100308226 -6.443391848719742 1.5123152803849074 1.7769534875644126
-21.19034577430186 20.43680797675256 -1.7927125381719762 -17.059318150724863 24.096185412721212
16.27990802429867 13.517726972919561 2.5804770560025183 19.356619409670685 20.91149357500619
5.910579977385787 -23.239767965598325 -6.898433031535568 2.967959504260026 -17.48840618871891
12.160526672404451 -23.584153101817268 -6.5464797487121125 -24.172556832716364 -6.977359423511253
-11.640949401308587 -0.9109032838630675 -14.38327872678658 5.751623293272328 -4.32883187639818
-1.6764141371935644 15.547945125443995 10.70060832899253 -13.84064815412862 -18.810569039189556
-16.320358268924206 19.01239357602794 10.477633278131883 3.131648099698385 -3.548222801705858
12.94617847384476 -0.03189427986524507 -21.614896924521094 -5.373741132172675 -4.249192705704058
-1.397583806756721 7.853356728594498 -15.603079212022253 -21.90216326997089 -13.413872883939309
-4.439509136932905 -5.000757249697465 -5.227724452617764 10.644300088952185 12.810092796167247
13.410123377605629 23.08868423161565 -18.997838170161497 17.239676612084892 -12.987971686124549
-19.522021617235918 -19.764505196014923 4.663757814447024 2.77440601281614 23.64135215351532
-1.7709065317144166 0.45696870315725846 -17.598066294167843 24.013163455463356 8.193001473506207
-21.318499359981413 2.5908424196437423 17.69876537825938 -8.598986355882282 -11.901379436680482
-19.53823253488862 -3.7590180096490506 -2.8928311926610846 -14.013711682776952 -7.609034747089094
4.099577150324141 10.674934842386875 -2.545214105794507 5.74184017572253 -0.0023200597389632094
-3.5361776206966695 -3.9012626961611794 -4.06146639999071 -21.48075712081892 9.821507317854802
5.995854679718839 11.928708907753574 18.47921940383865 -11.964622347034426 17.181796211516357
-17.914543052355224 21.767349181832238 17.975676127513992 16.04962382569046 8.019734872343243
18.928638099528953 3.724115716938808 22.309296292381333 -4.986768387663972 -20.452958306918767
-19.58143815180233 -6.679743530249549 -22.53134302236175 -0.9485188189071501 6.614139876847823
-8.512796749487805 13.464489384606281 -8.998980569860297 -3.5401560983433207 7.704295859556282
-17.308766177246284 17.26781777309305 -2.5596205587220098 10.328185536944225 -15.448455023937257
18.078572147777002 21.3400844956442 23.049365819052873 -13.319118329763208 6.3676490992354715
23.69658290780248 -19.273613529514282 24.336685880244765 15.149241812265593 5.177265904467525
23.10442683799286 -23.73852630693864 11.576223099113662 -4.882743524735716 -8.553487538663752
5.223813000289891 -3.8227436084298354 -19.380708008784826 22.400379125868582 -2.101649086476243
-5.336640086400497 16.82887851346809 -19.536943395744274 8.642931627303703 20.955684244984518
20.289047340095337 -2.2474954521007326 -16.010965914985753 7.654452955956472 6.816216192146413
-18.84314067905094 -8.15487263126154 -8.995526204346433 24.32788544013384 -20.62973489727306
-18.238387280736635 -22.96410769452899 4.047371057903959 15.986450865279572 7.752463981672641
0.5018623063331162 -2.434897077563246 -24.233381129547787 -20.535531600932394 -14.238796334265663
2.275313572575655 0.172865267230911 8.386706470836387 19.818649765209372 23.44699369692472
22.590886248876366 -13.061887730285104 -21.56596236612162 23.719329428367992 -18.41525032073471
-15.282495639489662 5.972051038462173 -15.370908226928126 -5.532400848288006 4.697796300223356
-14.233532156559303 -10.90781996593513 -3.9550825632264406 -13.519526206195259 22.572699863453316
22.543335509469607 15.284088679618975 6.6740745191159405 6.60945024085866 8.136209375907782
18.801614936908273 14.755226452798567 -24.821542090399255 -15.964865288179558 12.008313030928235
-14.50815223960224 -21.4055988500714 0.7603962008252267 21.77914253432224 -15.536243021898482
-6.850334472222986 13.775656056025028 15.157767671480883 2.3248881556970034 -17.096895338317303
-5.176815481414248 23.198836776214463 16.13643223882685 20.019505930661715 20.970865142067474
11.209808158181197 -11.350064943025107 -2.1853379747626285 -1.633638319214846 -1.7197644991502052
3.809196216899579 -19.300424144639365 -4.980193004724303 -16.45440288685564 -6.520803121152351
21.999319907408754 16.23985471997058 2.4792273433740846 -3.2006608250678035 15.803822591233995
13.798560798744788 -21.829529737604137 -17.394915862897804 -22.85170622227186 22.54929426586971
-13.657758146711574 -21.64967860879528 -20.04360832162052 24.380761859574136 6.983838340109287
-18.772978671464692 -22.478482402280985 -21.957397690434732 -6.63174732003834 -16.53082386580212
-14.345116768679194 -12.677038149856191 -1.3146235714624268 -10.93654504454391 -23.08266068776712
-5.140082458691079 14.369857877225925 12.270628090232009 18.021360890385232 5.65732071415011
10.477890041355884 -4.173790649169156 21.193270108100926 16.25449457260561 -14.358331493294479
11.126716006535212 -23.379918195633962 -12.76593434320043 -22.988120147399517 -5.071498853203199
-6.7709093831813405 -13.198655484364451 -16.399168001961012 12.478581032628036 22.821113953832793
-22.613545057537156 -15.957600549649943 21.750226100976164 -18.34115466124906 12.736050733685957
19.80366324421513 -15.131080580954897 -20.899664288473204 -5.939547680768918 -5.190542899844925
2.7507705698481146 18.092975332642574 -2.526017273537196 1.9638572771962792 1.6995348442609597
18.515764896066464 -7.924805829238839 -2.460174908677054 15.275260458458966 9.475607578333616
16.451385443629974 19.269656976437915 14.262261068835805 -2.606634213837438 22.809968859769207
-10.825796961248567 19.374675517568043 4.014747654546426 18.837978556197854 7.530363915144399
18.345479058687808 18.890200273211825 -7.046509197031909 23.74732557755216 4.474929256741483
-15.092273778030513 -15.65210473173656 15.985210267193452 14.437578518190392 -10.236233527952981
15.019812094807818 20.873374085850593 2.5984802109384155 -21.12395916701622 -21.0019667655789
-11.039340532777652 -12.851710153347245 -6.512586522348901 8.263920535552046 16.302890567052813
-11.110050918490128 5.358755227555399 -12.74988867889263 1.6628658481160734 18.413281706563765
-14.46262150403142 -19.4114940137355 -19.787911734821634 1.2038733816870995 8.152929262609156
-7.160280998078083 -16.599197460512947 16.067790873790486 14.897117908184917 -1.2234948151352185
-17.035492614012178 -24.84847853484839 -8.361281408179195 -11.25247251173791 1.4553071769927612
-16.60418210513217 17.153783914865414 -2.881301969933407 3.142257567711386 -23.876311791830762
-24.810400667407865 -9.006718344056857 -18.087203131375496 5.504059136677586 10.062099263885763
20.52392731186842 24.12279105233523 9.548597058069127 17.355078421667876 -14.388406804025733
10.986587903657409 6.867438848037004 -16.496288480134396 1.1809459997847505 -1.497741623255017
22.432267364357024 13.093731829310741 -12.290207746029497 21.788136901239177 -20.968722387652594
-5.186850195206567 21.862413102412518 -18.15845094948153 7.176003943716566 2.292597350010123
-6.816617702513973 -17.669840656674545 -16.787987475515834 -11.092050789297842 11.576073305052468
19.52912217278395 -12.412352474742594 -3.922015090014952 11.39009930289727 -14.010627702243628
-13.465596572367023 -0.4074212126792922 -2.1130741749350044 3.935883505663128 1.5675155286010884
-1.0949692763943695 3.8398414292407814 17.43534704096996 -2.100942603961059 20.537026496709025
7.528619878600843 -12.28089925178455 -20.50750279773684 -9.49194618739705 -3.562011585779697
8.43414554916447 -5.97945911596036 -21.425788018890216 12.643427224380858 -18.875230403375916
17.748156073740773 11.293848401300153 11.911092960028178 -23.32183355256625 -10.798733145793904
-22.39673260815745 -9.457457160893867 20.382739020290835 4.03553489665121 20.88913815032855
8.293613283478166 -19.866730871720723 3.4230257015228034 -9.90340164909725 -8.418833249143344
19.493360152944042 -21.078465608957796 -21.361848842635922 -22.639947451328585 6.4956340811019935
-17.543429727501607 21.420747730361086 14.206497812451744 -23.948173169715197 17.04687265831231
22.79176041977847 24.956409595564836 17.204859802416927 -8.413291360941354 -8.790039714049492
22.672457735537613 4.873034391726151 -10.776187119653823 1.4919117129364103 10.114167978035233
4.846782528301485 12.872930771776979 15.162613238307983 12.36889544488102 2.1415267006347207
13.139433044402047 -21.670624217504916 3.796563612079485 19.614973702896172 15.93169339220426
-1.3389068137972586 -3.8991975095691522 -8.95659343967366 -15.421238264076448 24.87537979350614
-15.89721117018173 -24.359555575486446 21.45473746511054 -13.110692971595261 -12.39712208674299
-10.921151663494433 -20.82663797055173 10.31842952784475 -9.47482289864387 -11.611570343678911
-3.534657805562695 -20.47320494887515 3.561929797845149 16.958364047223867 -4.789992907137769
-24.271449279201946 -16.157603387810237 -21.52316570491154 -10.438069282162644 4.366095938205266
16.504591332904987 -10.038872590010062 -8.730260511101395 13.489400309337888 9.435257479928985
-2.6828485166659135 5.3610405993862855 5.5117785128938905 -22.878988339762056 -3.580641722131954
-11.255568635588114 7.345252868813176 9.489639974453425 -2.3035135849640724 10.026995749039372
-5.496009701300597 -20.41913617303558 -0.6040499319001675 -11.389776644465988 -13.102894743716153
23.605688173942177 9.08464367980664 12.258302507666599 -6.163165106804158 -11.346630324360014
24.555879566106718 -15.53398873633105 24.46321670471557 17.066193411677908 -2.220641813343427
14.993249978143325 -13.82709351837142 7.292446384435486 -11.931286010465547 -14.11507487175695
-15.085210851755647 17.924892457995803 -6.588282457533161 21.21737634486258 -3.042945578128421
-1.3920537577413405 14.450271199887062 -14.41734949121537 18.06048117403772 8.958591480091322
7.521669793188629 -11.046164765524747 6.006380003772382 -14.585690820139968 -23.906210075437855
9.170458176935924 10.461667380675387 -10.971227677109036 23.561282344397213 21.665443318917497
-1.9235720267887721 -18.80322520034187 16.248746773751876 -19.390041782345193 5.772436224865345
6.848304017360345 -23.307054385650993 20.534333382432038 8.513161962747922 18.185217393617997
21.735908418310586 -3.4497317691021117 2.026572200027161 22.250049078706382 13.560444523369988
8.71259222408164 -1.7746603510316987 5.347933819023027 -18.873021445492117 23.173733170144217
14.17732577182823 -11.562389011190582 23.736527398831456 -16.908808684239034 -1.8486386852217862
-15.149188175561912 -23.897227628895042 14.27927309733203 -20.687304201952777 18.524781569980384
-2.2335582416864455 -7.105212564314829 -1.0705408363881546 11.732783276782769 22.476628171475085
-16.366082899497016 -0.7417899876599954 -15.826519218188007 -20.554943201956938 23.4545873911825
-23.460351887811083 -22.093795219261537 20.064273944050804 2.710501699861645 -5.422530513322126
-11.394559196057708 -3.7123361710833507 -4.4110777155167575 13.56735815938653 9.593293093115193
16.317160999426775 -11.109581016939647 22.38220345004212 23.500456970042833 18.58107276727032
14.199216120169247 19.192012907969684 3.5802851800816455 23.4053503644787 10.698816312212145
16.160338827831552 -20.255438582387214 -21.496781753704784 6.857497206136028 -21.026058930247387
24.449426299949955 16.08968703179505 10.091628453384395 -9.38441984224605 -2.5733145332479666
-12.215920383470497 6.413990021114934 -0.24147273151536908 18.272456703010988 13.044620330462692
5.371475298470081 -11.133449271784185 -23.349911128395505 15.50785959597934 10.258726287487065
-15.846313362377579 -22.877959089308302 -20.359259202127454 -4.455648668120173 10.491610264562041
24.64610812653501 -1.4425623035825446 -21.45790961902882 -3.695679285331355 -10.690360510173457
-9.575668159549405 21.03892786159407 11.490365566647363 -0.5507943470468639 12.769835072413876
-6.649864772637443 24.705895523759395 14.643013196688948 10.808390853090586 -22.650651810204508
21.919762135148467 -6.493271639276021 -7.246527611855534 -9.70745383974797 -18.95862022585235
-4.499480879998085 16.633293483950062 5.292327756633441 -3.0268090052583574 -11.409757523308233
12.358788137793113 -17.217896566920555 16.29640877014277 -0.1439156070916816 -20.89011701847602
-0.6006290845896594 6.187621853123883 0.1446256959972807 0.9955848263721876 -3.795561891614952
-23.459156464051965 -1.1063926847456145 -12.586527303808587 8.438758487801437 -2.585692326559446
23.699779001998508 -22.415629952442195 -0.7713143695908684 -18.86778992175147 17.292110394155365
-10.665546010738607 1.7417728209438472 11.417107504542699 -2.37776109703643 -11.95798132515154
-19.111304089860283 -19.962820311545638 -12.751746962694893 12.78301468777915 19.97360122380165
-16.03384096736915 -3.570002271020318 -3.4357216017022836 17.227702166970502 -15.848712076125954
0.9329427446521308 -11.34343075726642 -9.650744180577492 -18.527691045239138 -19.916498938349
-0.385884075703828 -20.05575056993822 -14.899658495340272 -8.620296514058928 0.9729198465656381
-9.75881212729135 21.710818924937925 -23.1222304115333 19.23054858668371 -2.337975714861301
14.202181294452174 -19.956045599385675 24.819326804059976 2.530400459399118 10.754775899566106
2.4737186949633454 -18.5612572905892 15.08358828612542 19.804948272673847 21.458342765111723
-14.102414892342335 -5.607650973023599 7.171643746054954 -10.747100858085872 24.461643970054894
10.030004789606359 -12.602759471857755 -1.1236254329551016 -20.970103762825033 8.011523717154631
-5.744481949209167 23.531557647762703 -4.865311586304944 15.162909889706036 -1.172764998501524
22.416020381332828 -0.3357945226619812 -22.64201086070063 19.37223878996803 -23.071318172467652
11.475865363354117 23.708733428064356 7.73253281242588 -7.341208605094529 -23.004712597399273
-8.816256301947593 8.758642780126912 -12.877547086515923 -10.086012118777688 11.569872318834179
16.67559776808323 -18.3283189220504 23.052045873501513 -20.811961236078357 -17.040849900547926
3.679336327336401 -20.52659318266814 -15.230578493581204 5.455229547389745 8.863867591665283
5.477683754537544 -20.998625320048575 -17.709798053057558 -1.9749257212991047 -23.997545802652937
21.87660578357231 19.5990031228809 20.95800057041032 -17.301697209213792 -12.11793634182884
-17.743876054721213 0.4645055175342243 -1.8348145321260318 15.0443583501686 16.505816857747583
5.170604546987427 12.449275185658834 -20.6314347983467 19.965109663758547 -11.485622548674296
-12.953021591847547 -14.896016521605858 -1.7591641279352253 -16.0030810596186 -18.41317721223841
-1.1898425797563377 8.15956279409756 5.183067095277455 15.675954669857077 -10.848672334155102
24.380537848848036 -10.320686148405278 24.666288713001663 -4.932995837376808 -14.561146997096824
-5.708699271272117 20.467818882497134 -24.098437869954115 -2.1770653598800536 7.450827952942937
20.821107659321385 -2.2221867505433828 -19.333860581201623 4.063984398742864 20.720970070968832
12.06934681856842 -7.517141106059366 11.15725549347981 21.918682870407814 4.887936875744732
-9.435869674316983 -12.646263478979558 -5.083863591253156 7.723209347967121 24.102279370134738
19.68249426076089 -13.287618165512589 21.438449328923625 13.273903571285004 1.8141648180432952
-1.54400273174738 13.021935591863034 4.766674142531656 10.316942868408326 -20.17714408384953
8.475879869465565 -19.68424370290041 -9.92987413950608 -17.093756687234023 2.398606780625201
-23.308653180675897 -15.67510911308796 -0.63951918291108 9.613205660828548 -7.737856961437867
-9.175036160456356 12.166216393332817 24.04306036232095 13.313038315538904 -7.476881266347135
-3.1001818258007354 -16.07274201668517 14.735479177209719 23.81566007309808 -8.147785667266344
20.799229636746993 0.6944976870845316 22.729886820961617 -0.5966248803982772 -20.442057624164544
9.284310203611284 16.28249210025347 12.527095427058114 22.307674690862335 18.50202767579288
-20.25413815633586 14.104662239047073 4.887945201332595 -8.310796350632788 -8.653086836359154
-1.436457968417816 -16.899457478512925 -19.646898257664297 -6.271318253077261 3.3550942215706243
10.838082012302607 15.674709967693019 8.28620576245639 -17.426731314782153 -24.454577225924467
-19.776305827362368 -6.922607058879493 6.677099097109256 -10.46922936991172 -23.106239069198487
-22.889811325477595 -21.25974046221514 -10.199333023123092 -20.705453375916207 -6.678266243973081
23.051680964450036 6.881741644267446 -11.330365279429433 -15.144651898058758 -4.128331957202647
-9.12520742174101 21.70249266145143 -12.996005641446468 8.089188548286295 9.067217303581728
-12.160578703489556 20.297568534674376 12.028224105621177 2.510888118068465 -0.7190159626370196
12.37699790837852 -5.140816303014777 11.396164961325844 -5.300950649942088 -21.96714839715714
11.353877290667626 13.11107267729605 -7.957862395026005 -3.9544992726040284 18.692318387758235
21.723167401834118 -1.7107799583083825 -5.799549191231009 13.216923690653374 -17.892572663482625
-18.97221272467321 3.8422000263960037 -24.797413780737266 -10.779894697376069 21.220766643789716
-24.699695255071756 15.29157170893454 -21.549160173191524 -23.72586079781635 -3.813955059145428
-1.3881157688595671 5.993355086793667 -10.95185876152297 -2.590834328219799 -18.312968847143356
20.870640402006373 16.261704948575975 13.967846713651603 -22.126386160683083 -11.411384545690112
-14.786008730207728 0.2813207896726553 -12.476301343854917 -10.449207424088913 -13.944553610172566
-5.388692513064736 18.859004627830885 -7.191006967812761 20.40977996403145 18.223947106389787
-7.741747881046951 -6.348795738898506 -1.7486764869297353 9.067951286248423 -15.483633325813983
-6.8122208218725895 -3.5882493615826405 -13.546598847126939 19.36903156065879 16.50749138254595
5.605353533311625 -20.874267080373333 7.510028833677175 11.755368378981636 7.638237623890461
1.9477777158242944 -19.26188674105039 -2.7128080297958093 -0.32496681250182746 8.445443526156332
-23.263668432335816 19.78370871530494 18.136775083505896 21.940690859076753 -0.2857406600515695
19.03018875890743 -3.246619591335236 -5.698458493417192 -0.852558771294877 -14.293000078320562
9.052738740344893 -12.108662885875054 11.603220351408744 24.342809521666823 -13.384361906628033
-2.0483378794713687 -6.1906251781340735 19.210290144146562 17.518334634986964 14.266440377502711
17.972526186837854 -6.859168637761638 -21.500464215632825 8.98672545722529 12.878384487733484
-8.995919466252317 12.620164530342379 12.336772242799256 21.326604699781342 15.60435201511148
-13.375486701821753 -18.807390843864702 4.8957257097622815 1.3087963210147002 -6.203609070366529
-19.286801169542695 -9.289316965015226 -23.960413858449275 -9.420613129574201 -23.317869947454717
8.541171055693788 15.618102147616256 8.648747758102658 16.355929618472572 -17.141564385825053
-5.36637363431818 -10.274752758497813 15.132081687995019 -12.474473326827306 -24.85376995417889
-6.380076108610723 -21.7249740780671 -23.33787055981415 -14.245788027667405 -0.76808905287551
7.43411813216521 -6.70749773525462 -3.907555641392424 -11.773753052241348 16.927319598840555
-9.497790667481286 -2.101396208715567 -23.834370450127402 23.7505103030663 16.080007261936345
6.044612252084519 24.000074436265457 16.962253389540734 14.740122526716206 23.99130231298944
-11.699793179331298 -19.82500380603024 13.109762929052572 -17.517992318033553 20.253299537869715
0.6085517846077906 24.01273838851254 -11.947705525737407 -20.357936133566728 16.136247069465185
1.4488115320895325 19.32997102125895 -23.683677663549524 20.929072301462455 20.596661197112375
-24.615643305054846 5.991507141603307 -23.913910812592317 -7.106771018190344 12.46761713867258
-23.29750149229649 22.545039508418263 -18.628260053102295 -5.459461591494996 -6.7374499092399915
-17.512430193329877 -23.91049843792661 20.360366464582427 0.3377939551332325 16.66252807544447
-19.178427022038434 21.93657410951311 10.696583129357442 -14.083495211960845 12.77120024621766
-6.4568329111407685 7.899704220581654 -14.483083847509604 5.375303005802941 -12.237908435807332
9.70847759813936 -4.570674748044873 15.28054064483181 9.132569647638995 -9.542242111488985
3.474906020073444 -18.166901220734694 5.7893964061880965 11.12636116508314 15.157704344212526
-12.927894434675702 -6.356939605223872 10.061635389015926 -11.438167251744785 3.8565228698183063
-19.821175046661054 -1.328095446574583 23.3369526836376 11.223142084269519 6.388598866906641
-22.337325660509528 -2.8655588652812938 22.162088524312054 -11.608253507355515 18.902505742155462
11.783489942613393 -18.84029152252816 -13.958195506612903 10.675517216095507 8.683026055488597
-14.842168849027404 -1.6876186045890513 -19.037475488465738 -6.550120168731048 10.714468736189467
-20.268597122349863 3.213542291961879 -11.351634281242262 -17.120957733027268 -24.32155068299752
-18.14142360430654 -7.203818820445008 7.41514899374711 -15.732467866996908 -11.207184351814824
9.778932336889731 -6.161867878101567 16.543903864829545 24.188509132672557 -8.023906632179568
-14.5960623884762 17.14630476886591 -23.979352547787407 20.114727963494353 -17.522652934342368
4.458076775597487 -15.53555859981084 15.328402915320169 5.612748416671149 8.284105474414353
19.41923770322839 9.707131379172921 7.2458287626882765 -20.48130183428715 5.783283102659514
-9.208661439258542 -6.3268583163851595 -23.362132396367187 -24.835068170014825 15.71424155075988
24.04134415809081 6.840590539565927 -13.34081134528179 12.422808284840862 -10.074526395617916
-8.50138372690563 -21.360404482067896 -13.287077211188498 8.92152984794528 22.21292600271726
-22.34351817446631 -15.269639676930957 -18.41285845112089 4.246463129190765 17.14883909257108
22.521070273731894 19.687411140389536 -12.98059710790418 18.423075896708944 15.115507116688548
-4.152337503721203 -23.049119944291668 6.231506836500994 15.070097401100021 -4.340416514987343
16.880558195085747 -15.825233152485756 7.578422889150225 -1.6930507857552577 -10.000846967013521
-6.110700337394366 23.871137719284455 14.037857401136392 23.793223834465536 11.702049032703037
12.86782998882488 -10.914938672488821 -17.590342469762366 -3.041531629321902 24.96124657370501
-17.672795568617765 24.6080915239541 -11.175821627091631 15.823030761140707 18.447106397887545
8.440534339823444 -11.993933567848131 9.235804200931142 -15.956772141550074 -11.993839832852359
20.854681623683355 16.10746857937196 -20.28589811906799 -2.1347494208104614 -1.9826772715769003
-3.816229446901957 -13.479043878598013 1.794422062013055 -17.367844329718345 2.3020727956358193
6.187300143663165 -0.5234551001252292 -5.897657325082445 24.18110909402281 14.603816696257631
-10.366688466540374 -5.077374920919304 14.36980668325775 -7.901263024839423 1.120303746699573
0.734455870762158 4.830328473981417 -15.897556682733388 24.178386710077568 3.1664373744789636
6.467886101607835 19.104205224282254 -21.36037916323877 -17.96056085842504 -13.517292817974303
9.773427932841528 17.17583902182998 7.424255245260966 -9.559236275842197 6.2928391215627535
14.399492022244736 -12.61396149873622 -6.124263280557464 14.689031992955506 -12.951156556961202
-13.399422011723955 23.731556945373164 23.463492591564048 -21.38875823188669 -0.27529831032070007
23.91634452238128 7.676321922139245 -5.32102189715793 12.256852754941157 20.688812394006952
22.13153374352855 -1.6529214182414158 7.381103472403964 -23.16602803936773 20.753148953678327
9.821706267392905 4.210949477518234 -0.27715491484310206 -1.1441441506441343 -21.094698370659188
-11.180808188958085 16.495469209015525 -19.473732686717113 -19.00338378307749 9.486836597387708
-6.355361422040712 3.1033204023822094 -24.654071523700168 -23.663417111745222 -3.330607996065666
-23.94315476380116 -24.506641139655265 20.68443499632386 -16.09975417141529 10.285401814267978
1.6453790127920591 24.306539599023857 -14.884809330850961 -4.678544438791366 2.3892107985232798
-0.5344562520467555 4.767700153885642 -2.59856826124631 -3.5940788897521116 -15.274928851063258
-12.81872760723261 -3.6179230844838166 -7.830204839846122 13.476282420275254 -11.429876601658883
14.790683555754327 16.605657839544975 23.66745481473923 17.59628730743684 -22.137217033302814
24.269309767512247 4.861257087276812 -0.14399045347240857 4.351446733199914 -20.646403040830364
14.491459932673422 20.740006285796845 -2.7911071753139005 -21.359577494797943 -11.268536456346624
-3.6948272791297754 -7.13355466715349 8.32514617902639 20.687282916532574 23.349799204640014
-23.822498881723885 -21.249448457856023 20.000234154506266 15.76624600647395 -2.258023745718379
-0.7697294353001993 -5.284019107068687 -16.837889855410644 18.741705624339275 -6.725251811395282
24.444738211285312 18.76773031940227 12.89821899983395 -0.6743072742230112 -11.450077805070634
-21.17844565542777 5.6730499871816455 0.7325026916046511 15.318139834759137 20.140556452354538
-15.860842477025223 -18.541084363730533 -22.789029258809947 3.03976470297696 15.075067709583628
22.1388929001021 -21.797590267462148 -17.988176235834413 -1.7391658560655898 -14.647280415347662
-6.871311602923178 -20.48133093913252 18.126184520951682 -24.888130336576918 13.257665881407767
-14.854242096701004 17.393495765845444 -23.400560429488415 -14.017626980431668 21.04339493413552
22.220685544537325 22.195069763903355 13.016323102000456 22.17085564892806 15.80071217574043
20.922938335519135 5.994544063607616 -0.11757721328354265 4.909683052897616 -17.962404942568156
-16.436076193381915 22.705134357133474 -5.6081640028174995 -24.19280954097151 7.890293542272268
-21.515507509670094 -19.431083960047 17.531102926604888 -13.994090626171923 6.0186330965875605
3.9596332203126643 22.826506137520575 -4.841054271540841 -18.461037128949854 -0.6605674035121858
-8.176320610543208 -0.5548979595108143 -13.68096764335992 16.456283060324772 -22.58017985057647
4.114546694098287 5.671475791854991 23.07858955553457 -24.086470698090352 -1.2199892798985488
-2.702719795043791 5.033254327876808 -0.6496551257922967 3.678778021923417 0.11412294110115795
11.098556535366171 -15.614175478550013 -18.7637666008878 -1.0788474355805988 -0.9680155318161674
-9.520675018548207 1.9721370727459728 14.369551879341458 23.667126948658314 -1.7087394441164925
10.721574586757463 -14.124956780338389 -18.354481158163253 2.421279367687429 -16.27034120138707
18.99785631413902 2.5151434574510354 -2.8872352777526977 16.073559479978456 -16.457576672223155
-4.207345070657411 0.4719815821795521 -19.754934236546227 -14.186398812039386 -10.639788325298428
4.094319898492394 0.024581799021117234 4.53052878657973 -14.581141845977191 1.8628941479749344
-8.048744966249703 9.094523536366047 -20.97104796404737 -11.447862561646732 -10.466287156203519
17.84430174173319 -12.447559069043217 13.552427047625756 18.454343595831283 14.595413889689965
-13.179579829086634 -0.5244748372895351 -19.571413117300196 -15.343410534458608 9.00859267516315
-4.531876256903605 12.290326328274162 -3.742440466543286 23.492338294717527 -17.76732510750072
-10.607300379231072 -4.394772693002658 22.651031632288387 -19.143509542497455 10.877248561644912
6.286876782858592 -19.778265318351345 15.26829413692645 1.3627898456097896 10.00370383467856
7.185132015830213 6.134851301605931 1.6692551413040668 22.02629403032416 -15.085398546529055
12.820761986879589 9.728081626251445 5.120217274418259 -5.834654560095753 8.972595998814612
3.7558230243361024 -6.077587788938011 15.494614104111399 7.172578283835811 7.192956155719543
22.96589405631515 -7.316446477074972 -10.269171987972731 -5.4046321582814265 -17.744059418051332
-15.155878671788642 -2.969282583405491 -19.21602789033642 7.994986762864222 11.601857992828634
-15.50983573774794 -21.57692073148632 -10.632572022131265 21.606791795071842 -9.295336729210558
-17.47292835895509 -8.003787256127502 -6.895508960201148 -9.110623777669701 13.651804330399806
-12.047851244537888 -6.6414978391283235 14.546289449733777 1.8357752735471458 6.811157343840939
4.420244435517873 11.452668710895885 -9.915422139310264 -3.7648022947676054 18.68720092238587
-1.864121918502505 9.749942783481394 6.91104822564661 18.459990142862004 -1.8812740306767708
-11.235756065772689 -14.163026288172208 -8.574321381141637 18.10737275991803 -15.180469627847376
-3.2994918566162106 -20.480709846709686 -7.099407137132591 -20.235806725223544 -15.088049974368223
18.13329643589627 1.422343291988927 15.23432358586232 17.879145838507455 -18.68506496773195
12.259098867196037 -17.600197225933854 -21.853863106873604 8.899521444192523 7.860215537454636
17.831390363979075 -1.9459571975862673 -5.052498537364169 -12.96203918528972 0.29974516720422884
-14.756886576244693 -19.029390362382582 17.931177971296087 -15.121076432748637 5.751565972193795
24.7821359518384 24.073416352975222 23.80064098993148 24.448571172275464 -0.10077762884862906
-9.811530079349328 -1.8655410566282242 8.46822492636175 -1.8749073081572973 -4.637735067767334
-15.129438137442092 10.448126619402025 -3.0428258460626303 -21.10300447019275 10.520578291768814
-19.23885689531447 0.1226763731020597 23.89651767561235 17.531629080135666 4.201158722373087
22.703395767169106 -1.7738425438421537 -16.822347932457316 21.426548890084177 -1.3452034534183532
19.47140305908116 6.248966205575346 1.800911122441157 -16.634624179685005 7.673034699783074
17.869182136948496 24.22277039481304 11.681370577067447 24.371717717930366 -6.619145512980502
-5.787550791623218 -17.45004901632745 -4.138922968100573 -20.703487104921653 20.249279834763534
-3.9536601988854727 24.959702488503346 24.862147299487717 23.01607150690915 -23.966917554182178
-20.788471071309672 0.7225129078525967 14.057436847105464 -16.39160085703525 -12.938846549085875
-12.168576398717795 15.08911983860979 11.779131185617416 15.007314282564863 17.3433078806154
22.929398518458314 11.621171625666989 20.302331760202144 -5.3617471677394875 -16.046479043798566
-12.139675263115496 2.2636130303779822 3.793456527972584 -22.432165245989328 -7.5032843658291455
13.240131828173972 21.412040386957813 -3.5800395024591687 1.4490005741446694 10.745913361013834
-16.051995417624216 -13.735157753866789 13.694726213848448 0.37415025932480717 19.487621512803372
-6.909117286101452 -23.31634904503939 19.142253365049413 -18.22691050175282 6.564621923589499
-0.47708537848111376 -8.549683650293161 -21.823013992381597 11.459779637808708 12.118859697765338
2.06042629940832 19.045328243158863 21.132962024987634 -22.730378263559736 12.52228476554447
22.109048386189087 11.807888362726672 -4.238518252281441 10.149740637323404 5.070528614823878
17.877807081648022 1.8443195020163294 -7.023487715305382 17.473609577549297 18.135649346772063
23.23257245944867 -4.347091774822086 -14.689936193123538 -8.070123564443588 12.569977025891177
24.682800507848313 15.613824250703324 -3.65924497656826 -0.6816630878136216 -4.665390442643911
15.641976147342284 3.5612772828949417 -7.4148176629323395 -16.973141943654536 -19.74272526878962
-4.631967982587685 12.553292772818786 19.574107302477593 13.056192960414144 -1.584049299399016
-21.63768333313688 -3.2896015175127467 -2.0918243077780794 19.78555712337861 -1.1194565797469629
0.011717765555541604 -10.36842079456467 -7.152709996855204 19.34708800187618 17.477528869100503
-2.9836952846887748 -18.76025742950779 1.0852245057839873 24.200831552639215 -16.606831941380932
-18.004562918969448 -24.317014525847334 13.183314686758244 -7.8335954437063755 -9.766590754264525
17.918338609096175 7.910967685963968 14.724631606477509 18.748586614150412 12.099214783477528
-3.5867355949206647 23.00498740494063 13.00443527157438 -13.278712159609718 18.2471572734243
-10.498385593125874 -22.97928750314234 14.003213440560899 -17.497899143942686 -19.601006437182612
0.6807072539685102 -10.809986988338721 -8.692804359114735 -0.6807600851536755 20.67628219286025
4.878649075277288 -10.268820872131224 5.306032787000785 14.120521229525437 -19.828707727845867
-8.362763954311912 -19.451491233714833 -20.55577345810187 21.79342804379204 15.359139553001846
15.872451390691886 3.165366714987062 -2.15832042006479 13.85617784255755 -5.238385384967632
12.308729813184776 6.9523449824265064 20.769813452888826 1.6075313868934344 1.8908351464046085
1.4127089310526628 4.243534250584798 -7.366909369697712 24.9379217750721 2.196612893849725
6.198722148649743 12.98154197866129 -20.20002327292242 12.587560701478104 -12.456411413565993
11.621698392241868 -4.947592624090003 11.292176988899314 -7.52562027605676 -20.463686934781588
-17.86402468055302 14.657710422426554 -4.640790559629217 -6.893877862736808 0.2632115582774439
-5.15564609029785 20.415456693092665 0.3862046830146184 23.617525794477714 -24.624845865133675
-17.362880945042825 -0.5827878709177519 16.103808092812365 -20.215225153092764 -19.55885464819729
7.074597978984897 -17.420365968246863 -12.690279898348267 -16.98098264361354 12.879698306864853
19.643784998414517 3.7481393716711153 6.7540011919327405 6.321546289344841 0.3325071684771963
11.23112897722438 -17.662785413863666 -21.438118282833397 0.9760563190495439 -24.910976206935715
22.187048323463962 -12.887958951781787 13.258605132493294 -13.863028482348017 18.07015838903824
9.358389981297343 -20.55009169478366 10.356894613227844 -6.919029127565597 -11.939013509349856
24.661023545738054 -12.983699086264938 -21.960433129925654 20.01095755223617 -19.9017122090421
14.05817551936125 20.318231709491506 3.6881840209656787 -15.313370234676189 -16.5757185138888
10.258814137276516 14.14316655949279 4.786123560766388 -2.336769874297918 -1.683542425168234
-11.924918904697979 -8.261161838316859 4.62032468429177 -17.883373270153626 -24.662682369339965
6.806751234727027 7.666822785845184 10.115739117741121 -6.4700261963424985 -4.650032453386988
-9.86911969475307 11.4201270975448 -6.5649119358911 -10.491156948349294 -12.782806258636409
-9.138388300967131 -16.822680259475362 13.306877099477703 -12.834640392925605 -2.0897932675140076
-16.706067664038393 -12.38329465965845 9.87566248738819 7.834006135187195 -19.070127332300018
0.22064482836158206 -16.293471795661507 -13.528490142253908 -3.264870025612371 20.154011359501162
7.5437885150273445 -13.7279355280369 12.013828043968957 -12.249911354103704 13.999093655010839
-7.9227778733976635 3.7603532350049136 -21.320546021908854 0.18786180955772736 5.460311651708082
-6.217360076034822 -5.253979002603064 -4.930200665761085 -9.431270276235592 -24.54424320668982
-15.356158299838668 -7.275034806877478 20.25998463058429 -14.816713733904857 11.568911051288836
-2.6794920427780973 -18.68418006168639 -12.42706550174058 20.29921118868078 3.3653869846155864
-13.39213767817508 -20.19463356150767 -3.8470889551584406 -12.35884101109751 -18.223499663552495
-18.863785340002217 -16.958279925361055 -9.357948133822703 23.924939489688157 -14.98947110397007
-21.832875311254785 -3.303083844340822 -8.039725659025603 -7.6554592928764045 15.373629821791624
-18.88924689656493 23.263128583649177 0.8409429230899725 3.7509580708925725 -21.6575028927547
-5.937211913466001 -9.452355168295789 -13.971648381904856 18.568011182830688 -17.133354570292465
-14.65190804188018 20.33990446138379 -15.61515234097648 18.419112407665175 -9.797235539380079
12.275044398426928 22.543583360024364 2.9440377941897395 -0.42055267107135563 -14.31891281391181
-11.964372216771025 -6.373343011853592 6.4277171245209885 20.656226936626368 2.558683093102875
-17.229049636621006 0.10360093305192208 2.221378003897062 22.054368523728826 -3.1278951071637877
18.53254284918743 13.559389500679245 -18.652275579368688 10.322832784194844 3.5866607595786526
-18.371987605925533 -8.002352353702335 -0.9328740068727797 -0.6205378056574631 -22.984210539710038
-5.572896777918956 16.63725689905008 17.918267069966745 -11.649795057071783 14.387981477675702
21.168407554848464 -20.15990326783514 7.966415385594551 -9.288514219652221 -19.707954156521907
-2.206774620843909 18.536771396989003 17.161963758452778 14.41581512590519 -12.562145321419822
-14.592737195841154 -9.3440810400085 15.96570944260872 0.8033498970192632 22.618389309933043
-21.263869771901827 15.795158594106738 -7.198539320660551 11.240065427427623 -20.58908475768399
-11.104253959942145 18.379727853833124 17.69109909380257 23.825270931218135 -5.377783196424364
-8.394883860334723 10.288289796196565 -16.073749406400733 -3.929628235683303 14.38377202365222
-7.846377574869184 22.289952314983367 -23.48409276367483 -6.246115915575274 4.098190630522041
-11.444044289303607 1.501684040931611 4.282274250109197 -5.787331572137216 -15.539821104605178
-4.7702463729685505 -2.1757613669956086 -14.90776029785344 24.5358231082448 5.779207808359825
-3.47014427321103 -2.458745814475634 23.097067029285142 -13.089309061491367 -2.4521421988782492
15.075054395627092 7.260514027468901 10.949382086198675 -18.903754186279325 17.281976067914293
13.893678162071346 3.5354778372540707 20.040006534661515 -22.80377398876351 -8.889694517836165
-24.97177809630599 15.605842379544434 -21.195810804301473 4.593731585591787 10.03184768127079
9.91957419747009 -21.83367529207998 -10.235101987013373 -14.753246367888407 -17.43944164207435
17.520899828745314 16.293357479807504 -12.289824889485917 -17.006443176675607 -12.83473000785671
19.717491408939402 -2.1662073443150476 -8.029911123304252 18.452151275919498 -23.800382349542442
21.119265119693495 -15.47272059857111 0.11658381479018232 12.059361450497839 8.382458213637854
18.23209241037847 6.900793513546809 19.167793597360458 16.77317823317138 -21.561262912731078
5.463291654864694 -22.400641619044027 21.304147453028513 -21.7015457754833 16.36079917938487
-23.17669697485991 2.6082025719471815 -9.106890385154287 21.513219573083155 -17.22315068186091
-10.817254137514498 -22.850001671303282 6.309931892284549 6.420227445200506 19.3237644079408
-15.588635547945234 14.317132984330925 -4.333400288240206 -3.8224810141710748 20.856785037791035
1.3368551135802988 -15.75752145479532 -15.054365750111632 11.911246396068329 -3.1364369117404465
-24.46332618164387 -20.346370950268767 3.0067913780374553 -22.092883748023983 -19.569003641051815
6.054308594379492 2.3712215068099773 1.2654373343556955 -5.995064714595237 2.550640649793749
14.091286482296617 -15.878172574454469 -1.445221668924411 -12.110705426422614 -4.5889494641236865
17.722204842657405 -8.641265737841891 8.014283664520882 -1.902513041153071 -7.960751835702052
-15.88135127543659 -7.672649724849361 19.430223180594467 18.60573375959944 -19.2722048171385
-23.015390167730864 -1.8269962499675998 -22.675970532836708 18.923639767004488 12.908975242484324
-15.707744869986435 5.602565448184098 -1.8267976633744638 20.378125836062026 -3.2802773910612473
10.730589783077342 -24.039063250010646 -20.743609329156342 -7.3477108617568945 2.2607369975217964
0.15682803860165961 24.443362019031078 23.269038775718677 -24.33631675253645 -11.033829363922292
21.156012369428446 0.2153738744196012 8.015374605198588 -12.132324717433395 -6.024275120810319
9.78806877470047 12.422494172479844 -2.039962149383257 12.31874729054175 19.88000487709666
-19.00420437230561 21.65710602005158 3.498391511504824 -23.916100052767014 -5.649145587057173
-12.706507801176919 20.84216085410509 -4.673634078549547 0.23756024995499914 15.04688319174334
14.509467883006785 -2.3489265141502997 17.22798697849675 -15.558235921235225 15.216700350387512
-24.42430963365721 -22.421969247677374 -9.970211287883156 12.607856667359911 -22.212250450979422
-5.586003712871374 -23.893753408196144 -12.220913791027394 21.207896838081595 -0.6353600301879077
1.096450205893344 8.453913990911197 4.120328852328971 -20.08264342223486 -9.730730171627645
15.369004293824354 -11.46227552351462 18.8012110886512 7.73246857267241 -1.8469700841717618
7.934927605762695 24.76060567628349 -3.565565274225186 -9.390381478423082 -3.2278604155994266
-5.45970557749887 -13.966465537871514 5.012025780014522 -12.425747273792547 -11.005853489636042
21.27080782146445 -18.420055427645377 -24.13188726363832 23.32057739918892 22.065539819403334
-9.995249108947018 -2.7611054844018383 16.933438387672943 8.337123157567802 21.47084443191595
-7.065277497021434 -16.794728182632806 -2.630487975556882 1.489251227327216 19.82512109699315
1.2689026863985546 6.496726429550588 22.03084113559892 -13.336443102897249 -18.57924708856673
-22.650309837371452 19.23261424621738 -12.480561788549737 -3.5001944254220874 16.794429767425733
-0.0887324038171613 15.599312419132922 -23.544284782771545 -1.8688627287638369 -11.230365544287002
8.309099294787792 -14.887946337607765 -16.0768232473809 -17.624755758072176 -9.70768003134701
5.3773631827774935 -17.62607993196994 -8.959321915840835 0.9455897230130859 -14.68571090955657
-22.890159008424888 -5.072725256587596 -22.142068609870257 12.40057615536196 9.828102318257834
22.30631835181515 4.2759665199675325 16.448471777040787 -5.235594503267404 -15.45918971622418
23.675372930807093 9.711561230801493 10.190549885173873 -11.961486943605266 -17.040891419057708
14.31388381432648 -16.35896812022112 5.794768370037424 -17.34973007730156 12.084552522067597
-20.22790069014905 -20.879638618433777 -21.045728434510774 21.005764967993187 7.189530692142682
-2.3694778845387994 9.934053510182125 -4.9323081471109695 10.632078593308577 -18.0251875785866
12.510539071679304 1.00272300739136 -2.5881528236321785 -20.396784448487427 -3.522200033518878
-10.496581549751088 3.3479069225214637 -8.240389067898164 -3.331962297670376 15.86873850516038
-5.801736702689453 7.733591179556633 24.003210064149428 -21.938475052506273 -5.216238094113564
-12.029397590127838 -0.5451540156885812 -9.535219738995892 11.3415412697491 4.977345744010719
-17.259086240493886 -22.920193779928894 17.26044146204069 -24.45733175050663 -12.237542946418966
-5.69105459625608 -1.5598477216253457 8.857706394984142 -22.46233405505242 -20.903047326470826
-12.614114797789188 14.131813468226042 -5.324498293457459 21.835093403336863 0.9082103407008475
23.771965082318403 20.991709143929086 -15.443191056495742 12.09945886946057 6.8157843809764245
17.72284350037996 -3.2403374180795907 4.336386273579247 -22.665385821636463 7.7307410523936895
7.00489955700791 13.954022484145263 -12.412574422086175 10.681174131421507 -15.400801124350222
-5.535223500085678 -20.44818798921501 -1.0264431200317112 -21.422210666019502 -0.9880050835707976
7.825287781099071 20.83367180941621 24.290848242425504 7.493855636516621 -17.82114048718675
9.985763885407522 11.338440364378542 9.362875033606173 24.755084325283185 -24.99641535421248
8.447330322114595 -20.969170063560217 -13.573836290862957 19.956327672997872 -20.10161119584956
21.77860438144551 21.045346306846696 2.5874284553071227 22.205436558970334 12.556051671331858
10.741501598008263 -21.396473254326953 -17.62960617433485 -21.915816305648683 -20.419762789795655
-20.09433346673336 22.72060150715702 21.90749127081795 -12.440795672924132 9.54091471776222
-13.48043654369086 -10.093862629738432 -7.139803031523918 -21.52622659278624 11.687754468151084
3.261590884544198 6.720759530715668 -16.748147180866606 20.24661732010121 -12.460731111641177
11.39413418635116 6.482094623762478 -10.946228284687558 -6.369002395147266 21.55179300565687
-10.923881430512383 -3.6105559542133285 23.229827886501354 2.5026707693081036 6.876967096115898
21.4546468457021 -18.335360481672197 16.261050517819754 -15.648192465256866 2.286356472600108
24.434284394707454 -20.69874741387804 4.20728830172472 23.961890804820854 -21.00405103142698
-17.988193100223548 9.443049690100203 20.15839930016984 -10.299904272966288 20.784434828868534
20.852357066720742 16.466608260943474 -4.410460246670027 13.322026430369377 -24.015541026948235
-12.98653031652211 5.948852717413743 -21.49642781795184 -6.093897558338263 -3.4766271071773716
5.1914414942493785 22.63581103728759 17.979844496743866 -5.219051438628213 19.322510397195614
18.086225249718524 20.91829826824707 0.5093879242464467 -6.294140492615689 -16.03507150686975
-21.65961302481539 16.26935433833531 -11.44894414867022 15.364737192203805 -17.746489120540538
17.003319075861135 1.9446746679262148 -8.632733456599922 14.979905049907103 3.5394671206726898
5.164280157057405 22.12664810012747 5.09577612519093 -23.21835194434414 11.11876090543143
17.325019497283975 -12.306928744625289 -7.9636027975197905 6.999118355862212 12.66744643734598
8.271531752421708 -19.14033653868273 20.020771572109588 17.918313280935486 14.859931369535204
23.057074685121634 -11.240211323347376 10.241653632183237 -6.592165884696001 0.7095485858177248
9.175409587135277 -4.158380858514992 17.154961543609723 18.536174098221878 24.519721929242053
-14.249434807073941 6.352834149622673 17.062400814944986 -23.14497193919082 19.420711087711418
-20.17796739937838 -8.71858935999579 21.080695721760193 15.361902983284885 2.0712614470268456
-17.434836000502713 6.226861376507713 7.961920091189498 4.890859752079322 -6.0911741602654565
21.02393914026802 21.70386120354263 9.419140425316051 3.5878859665424763 9.416358096925713
-21.831895458390456 17.615891356575005 18.846301014086855 -2.597552941263139 9.555061122199206
5.025611579829054 19.564774006423363 -24.858071668451526 -3.7584814158329145 -3.972002658174379
-23.750202086542878 -22.91634784051476 13.8300533866731 -9.0485121985324 7.729492764251269
-18.593784016188646 6.93489576251412 -4.766837583643795 -22.540354834832783 -17.42722102217621
-1.1778915240711392 -7.104465967038937 8.151571991269236 9.274154902956447 -9.334306825329259
2.7703356244687285 -8.916037730073654 4.444831965863472 22.824093806483482 5.254311824037682
21.32805458810587 12.348177287350062 6.6997546101612855 11.088703021190867 -7.666980730474638
15.027874183832836 -11.736589471256764 4.66832597500802 -2.917850322292807 -1.1672139417816538
0.44945793930156697 -24.840332429602757 -19.940290826725416 -1.636009565855879 0.9586303982554547
-2.1353329156827137 -14.727990048316498 -3.503647154289709 2.5990120358805484 7.170674561374689
-16.11199830200344 -21.080713782626866 13.74953949322856 -2.2739266245101852 12.48579559624077
-6.135447439990031 -8.997802749515365 5.408032259806276 12.488297706837606 -2.8647036296505455
-21.51240304878426 -24.09983223193689 22.38555735090368 -0.3001127983231058 11.411716152946553
-9.069488140360772 -0.714788720027105 8.373135097492693 -7.0037385794686 7.319841452833515
-19.548222555441097 -16.367211263737445 -3.1258727470517123 -2.878182410418635 0.8968733449355568
-3.052816674315867 13.113083293962156 16.90072069478419 -10.824011333228988 13.478813698873886
-15.361190811861169 -21.33792982393578 19.831999097163184 2.563814097522471 -17.86414917828885
8.272359688648784 -16.14965446729864 -17.77901128482608 -16.645938931712735 13.766528293115229
-4.360976122478188 -8.213567697214515 -12.242029435829288 -3.0363223377192554 20.608516604583237
20.869369007452157 -13.282517066626736 -5.698172400081425 -23.75005942992753 3.327349655368021
11.98059392370616 6.2235809533178745 -20.828543332079143 9.505450419706072 -23.582496943506076
24.241909014847955 -7.328559167275166 5.340291761391924 -11.543655782139195 -24.628696462455213
-3.795075892033079 -23.462187846559278 18.42987674393124 1.8950370600214939 -5.059822492343407
7.691645062341074 16.050573718601953 8.279354034961955 -22.882430545900935 -16.042576337649383
3.9047004919746016 9.308411123275725 20.50986949425024 6.4598016721671705 6.910147161250897
24.724048815717715 17.909814374196053 9.116030423570258 21.168787373179633 13.377986421773294
-4.2481771430237885 -16.740424187053055 -1.601327583988514 -7.165299316120606 11.439926864571007
-3.6854021557045265 19.291024926035455 -0.15170001336035455 -18.235623220719553 16.047315523631532
6.441944619054141 15.951959271487631 18.504501886617042 20.492845287275365 -19.981080790529404
20.43110490827386 -3.6283187643041934 -20.426898266609477 9.697223553465278 6.581482789134135
-11.141544497401835 -10.023542651145867 -16.33733938488094 6.995435615117312 0.7963987890415645
-18.101330089565998 8.802653249325196 -9.701108991396811 -19.438021845894987 -14.00403243280462
24.90107346754737 -12.477324234247678 14.86420078782659 17.02814418424954 14.672962903170877
-9.575829401149921 24.36707696444752 -15.711332486052232 -17.615048656578473 7.377602486480498
-3.198987635852479 5.359193001571526 24.547897049952162 4.997239514873069 2.1747564885150616
7.1025393871743105 8.791477324387415 6.480899051478151 -5.58889222921492 -12.6223270377735
11.222327318832768 3.394981473385293 0.8246104744524203 7.372619914829414 8.429497702759072
-19.058454372036476 -23.03388374458999 -10.599585352724766 17.54613111878266 -23.09672860909509
-24.359188486727547 -23.698256442398918 6.686674197672136 16.42520332768936 4.074935226184884
10.120979861216142 12.995452441098976 -14.93354601186933 -16.984873849360604 4.707833164848189
-23.80740858588594 -15.923225819707731 2.6839907053602623 5.63016041654442 16.814136996088664
23.70643493557524 19.35613817254479 20.99969065187456 -19.617242105419756 -8.531049410239788
10.551931460223564 13.74262927277288 -10.293046493797087 24.425348317007803 -4.813157313973797
-3.8972441350851916 14.828924107721797 -2.582077338976223 9.938423483669048 12.988776034633268
13.443773263526204 -11.283110118970551 0.8293102993346615 -10.397457952871797 20.72478876628282
6.289173609483576 1.4166901878199312 -16.70247967101983 -12.073914432512234 9.606674618218655
-17.140269497729292 -2.1677016934718587 5.0420101485580275 -6.545122675261876 -17.44264271846316
20.449025347900957 -16.49716398821026 3.5439039874029703 -18.490799868297586 -3.7121956317215385
-4.759869208602758 -6.724966495531028 2.5014348223503227 -20.746068564447047 3.38374595168575
-12.738944316729583 -23.714747705558725 6.907840706385592 -5.192388779690216 -22.17397024027658
-21.641353962239982 -23.729572269430548 4.974300150589418 -20.811757744892635 11.583867099148996
9.94187754155228 10.456781929741659 -9.492505100891414 23.718699529037416 6.699877258783225
8.789767896741466 6.54779860578995 -16.07066467684563 -11.712735022117593 -24.435878309808928
2.3605847479128848 -20.764729142214954 24.25773930524626 21.349173388202402 -17.173503924391966
-16.66125257317416 -23.376258663752925 6.198319309762439 24.396072876651033 13.444634993563568
-21.112533429185113 -17.912817163480188 6.138586734593755 15.800512132240598 12.552859950014891
16.74848100177133 -10.585282372305349 -19.963832458654494 4.380887277860584 -3.660358307523836
23.990554900946975 -17.450506740353756 24.172349255642338 1.0374973584809695 19.83673512165884
-6.086679283268698 10.32889458542779 -10.699684317474711 -20.058510274579398 -18.803328954119902
11.84432260337151 14.003430292484545 2.426094738429697 16.292694859892663 -2.251211067565219
4.677340211427222 5.8675045445795 -16.151327300874108 -8.546957652642995 -7.358808800038659
-5.4758973706540885 -8.069616460172629 -9.557805468920805 -0.6109420884036503 -3.4819913361335537
9.373958036384174 2.4663760975277675 -10.008425689713174 -19.09315425879602 -9.938284451476093
1.4838886334881067 -1.7678641490501086 6.141578700818389 16.19182707650674 -20.44928062878148
-11.66962955417591 -4.581000326464764 14.443356370686232 -5.880368940545466 5.802525630326588
17.357541639984447 23.76600988845763 12.083444391301335 19.850722250836334 13.005167080674482
23.71979829081173 16.748074550615563 -7.6982441113766775 1.2185442249711507 -4.921550081283971
-23.02658658336698 5.816631132568901 -6.70398975762178 5.5728984611687515 8.132199468378445
11.103950813207874 2.250293314592078 -21.501482926189496 15.59696555448189 23.117559191623002
-11.723678935682347 14.87814567251877 13.657729213492217 2.553556710471817 -12.326180338125942
12.607005155105938 9.795370805815601 -3.06172449711395 8.571191766196243 -11.195473976759867
9.875522814046874 -1.5903658491014312 -4.547414910670128 -16.564386368821722 5.4775167186176255
15.806580787286542 -21.153186960070215 -16.35923799114004 -4.4215835417095555 12.807267373697009
-0.711192939947658 22.08478962042576 -22.249688901166664 22.685509960426607 4.457332635346511
-24.891783855170207 18.429740640729335 -7.437620472579926 -4.263448132972503 2.1987030953048503
20.48555563654947 17.812419824911274 -3.9887340357798955 -11.67750582163678 6.897046489663445
-8.55413986091007 -17.234280289120658 10.442070771092496 22.702003258799095 -9.899510231387737
-4.832507144369469 -21.303950816798995 -9.320264271211991 16.047452433440746 -22.208053940302193
-13.90442040818931 3.3719051474277073 -20.62195134979179 6.3417098040419795 0.7642443718205314
-16.832801946934705 6.1416545218543135 -6.084369606553043 4.807087455830871 18.801828260558487
-1.9966526993728309 -14.594464656143897 -24.427643271882786 12.804908498282074 0.64243245396991
15.782891422949852 1.0146985750405122 19.233771794229334 -21.854777898942185 22.200409685511893
-7.455532941132901 23.183115929805005 2.1151146573278616 -2.9033395598553433 22.791776959653816
18.329126946833867 16.672415402048394 2.32857397128997 -22.861222165495644 -13.908915458696075
1.2386208446289793 16.878479573289937 4.601288659047963 20.276399242244636 14.968358639086155
-5.192100441735803 -16.10874461558089 -11.097610012249543 14.574897764282731 0.6448619167367724
9.592152970846037 -0.8914979192590202 9.05034934889035 -0.5535268276211021 13.444856782186449
23.5621750829428 -15.614424069913202 15.52134174669532 10.181861477144885 -22.10552251255998
12.826040349071668 -21.173341619633018 4.156357523387349 -8.79851220337084 -7.946550732976327
7.620881809729333 -15.982121031687718 20.014511666760512 -24.989276561212577 -15.438445502252085
-21.15211835036048 3.9183750147567302 -17.530905424059128 -15.93437513352306 16.890750176030323
-16.24793175868119 14.182270798583176 -19.97508139481987 1.0627288031848714 -10.671234398028966
2.6404212835189504 -16.68569065233703 18.4522475039564 -1.0743632358578168 -7.730169240913337
-7.011098941120515 -18.731682817638635 22.40616154494097 2.2363309546081673 11.316579485661478
7.503227369244911 -8.698271827429526 -3.7844421777053228 -5.81035029240423 1.4866639368986796
-24.114162566535775 17.463700802214504 -7.036719773986157 -12.937532200206025 12.48981036739854
8.173238725790647 -10.347474280949726 -10.759041314846545 -23.96145223529865 22.61128719545524
8.776809631036322 -16.666597800657218 -9.748566052400681 2.2009964798582153 15.382633638953806
14.602095972487689 19.54362751583509 2.1926465341891586 13.011145865069096 24.30635275959107
-15.52595337241729 3.851126109220221 -17.37193520966935 -20.181321541235917 -24.9326405068325
6.037297065435769 -2.9675732058395283 23.229443976468914 -20.444252928367142 -21.02767658930776
3.878020879778205 -22.348359140912816 3.1204423628482694 16.78501091214818 -3.7148922597502256
6.558573608824993 -19.96214993634922 21.836454818561812 -9.514125415034986 -6.5063878764983265
19.165138842328297 -2.1850297273649772 7.356451365886947 -23.477775266686585 1.7841975153103107
-23.15304049267624 21.51451861847491 -9.665150694126151 9.696318645754836 24.58036854791603
11.518172194506107 -23.683116099053507 19.26816432365049 -11.038802168647743 -0.42240309647757
-2.145857281167064 -23.915907957525008 -7.1541966507124926 -22.815330894244635 4.121635622597104
-8.120464534399275 8.804014935322577 -19.711543993603453 13.285914799967621 -3.759274003350516
15.054481023403177 4.099709821849139 2.2775831086626184 23.505114990573723 5.429962898399477
9.229063604414954 -22.302176743558107 12.884519970400582 -10.289440843558644 10.791520280461427
-17.561954876658028 19.049825584319727 -9.595091690586365 -3.091685962282 16.504554645705774
23.460176801560337 -19.94981307147542 18.590560920023115 -21.5964781360991 -16.176328613011098
19.476941342107004 15.270511378804954 -15.641560246669146 -7.587072879354288 2.4082704428873
8.691577955831676 -1.8826140740370931 7.519402181327266 -9.533907097247235 17.86100194094837
16.555139029383092 -12.904578631587182 -0.322498894111213 -13.391240436971714 6.223309515428195
10.06133687774065 20.96415468126562 -14.71504669400282 8.391790696887973 5.148302684366378
-2.2275472116167414 -12.155819138356621 12.873064203981848 14.824716528773457 -17.96236792959467
2.9752661969317593 3.520624372131998 -11.759028188202242 -24.16500189746605 0.18130525034486666
-4.5075035994137025 5.772683795953082 12.82290466532693 14.570033146718622 -6.300972434908331
11.818807428620687 -3.43985086634898 -3.4701774615413292 18.41290605472858 7.2098009298739285
-12.109750985493978 -22.82052077588138 -18.12922535271781 10.414650513580817 22.433849960955484
-5.3979723820245304 20.999937478697454 13.680683085674083 -21.603790446469617 8.49966242625117
-16.827993051871246 -0.40205357655694485 22.25046437518035 -24.418739789104432 6.051985066583292
6.487692852018185 -17.565532654325928 -3.2028913256936633 17.337450301093618 10.051684841930822
-14.52237581330627 6.745790355504894 8.764915539536759 21.235005778343748 20.560683120944084
-6.607966882203847 -24.833460308773926 -11.551718333785516 -9.026918342794627 -23.05920141697126
-20.143486359971547 10.610106976920605 -23.059939097060372 -13.855097739563 -18.707288922508617
18.22064987930306 9.698064546742323 -22.800867799269227 -17.307019491137087 6.776736021147666
-14.782464909623954 18.147523098210506 -23.290994650680684 -6.549871172541916 -23.255233569565583
-4.1192084497676404 -2.797523920149402 -22.259511995182145 -2.538632053974677 8.43656835602605
-10.78168437844867 18.979636209182424 19.484566200854815 -0.522837764229557 -12.166405059953139
19.5460796875361 19.035515164692598 -13.541032568016515 -19.11488158443167 11.68633842857151
16.250208628674336 4.2315280725374045 9.968744669892715 -0.9549426322951682 -21.209307016778638
10.767476349485392 21.340247143099283 13.366554169103743 -23.346785894282174 -23.46972949013083
-3.1263686432069626 5.161568179396429 8.825643620016017 -22.12007659559695 21.61291241845305
-14.889187277041277 -21.85002421286257 24.19040748468042 3.357809199374124 -15.487903844597462
-5.962990130031471 -19.858852325614258 1.9246346449254759 24.403729616469768 -9.326022191844052
3.405104367905981 12.094639510205795 18.554026009521976 24.166489429861905 -23.2140669441657
15.608117539327495 15.504295802622394 -1.0219761983329683 -23.01358641680109 0.1271701565632739
-3.5820417406480836 -1.3329904553087317 -0.7150689991045738 -17.46887100747314 10.070013199896863
-3.6938756582248473 22.576647965275562 -12.725836380553812 23.275175118004277 -5.580558605149172
-10.795775169142935 -24.524085962568954 -18.58469080204859 4.951687561644537 23.42130347386138
-2.9975148633505313 -5.891146079097776 -15.557832924969695 -18.715370039023572 22.223769251317805
-0.7321829150229604 -15.052837162956745 19.467134856541932 5.828530615559924 -19.718739279521465
-17.670755210682977 -2.5322410122709584 19.00301751178697 -11.834101236353128 -4.322164568421709
-5.429178384587896 10.503630816394441 3.3580970512935124 -2.0112523365080612 6.480621895622846
-21.85391820935607 15.672432788558538 -4.658897617734446 0.608112943603178 -20.071930744866364
-15.745097499517923 18.738997679968683 11.194624671621696 16.955105015209902 2.325716063941279
3.306295149713854 -12.331689630817616 -12.88612977500897 8.181021981847955 8.944580668782969
16.95591784703587 -9.696329167449491 -1.8655225621392617 -11.614621028215899 -16.282267118530935
-23.515173676118984 5.914984251796845 -9.315277144702822 -1.548264512712926 -19.083105527424586
13.093003201869983 23.875146862444147 -10.370584094347945 21.545278326932817 -15.941232551670353
-16.2695267527328 6.117482055315428 -12.968915007471821 -4.538126021216719 12.248380609694252
-16.539620250348985 -8.881957450658934 19.909285481973086 -22.295457379814586 10.550905158777098
-3.869071453901025 -6.699699198653843 17.699745808006575 9.702351961362979 22.50292405252457
-1.8082002546822835 5.38215493792033 2.883278946282047 16.15409668451757 -0.43133762626635885
19.979018856770416 1.8698525324185375 -14.601758704728491 -10.787444485087944 8.354488204475835
5.4161166165688 8.479281847124412 -1.914220361260739 1.3610616989571795 13.824969398112607
10.703432681549145 24.27020743823941 21.825627754506023 -12.418034234996206 2.056570274149326
18.691688337621954 -9.13046481500105 -22.07372737435745 13.236641764601728 12.186588661914556
9.369141760151997 5.8856728282813755 -1.3360346653928872 -15.368442153453943 -12.14632872916041
19.391567547680594 23.71155346868212 17.326401444614895 24.21426552775251 -18.354184489651146
9.422284838947128 -24.06614977242706 14.929254170899746 -15.597881968744016 -13.874885852396247
