12.707490509092906 -22.362431810510753
10.602228850429576 -23.808558486089954
11.829058000213024 12.119291627866119
-3.289888533215379 10.478479728766146
14.198550037601265 7.047952539050492
5.258500667979426 8.457621823595787
8.244478712045336 4.966038054891648
19.545910966125803 -15.660611621992443
0.38929173247554516 -18.357260138270654
11.117616836379746 24.093701843025173
-18.450852806260563 2.984303696465723
-11.001454004879808 -24.83744274862376
-21.90750198423102 15.453073160677647
-17.383170991608992 -3.701102340793316
16.40802748632467 16.34593011674184
19.184799196031108 -19.030698705354823
1.59886355208792 22.80386248373071
-13.146298215166235 10.963342225508065
9.157327644778839 3.598567880028913
-18.77283885434028 -16.12034826865138
4.367210102821261 6.114764474913375
-11.340029089351871 -17.90967796049471
-20.46236218325307 -2.2226319597156277
-23.28539464154672 17.592737628634517
-9.767475241090173 -15.047257779349271
19.654027903689915 -4.292896386685907
-3.6130347501050757 9.055324983909422
-2.881825978009527 -19.039841168924397
2.45704071889795 -2.0399009498792537
-8.626692739400283 15.507094909313665
-7.657022448163481 -14.074809987022407
-8.389220070649152 23.86929566736392
8.642308153438734 23.468038787505066
-4.4740881756956234 -24.739225599877518
19.160771288022758 20.944730592688742
22.34252889718809 -16.495897142601102
-4.113532255347895 0.978605758952849
-7.290168741625884 -12.943574332022184
-8.30450352877875 22.94868654279155
20.138931377019503 -23.366162025441188
2.7068943707625124 -6.6105839620879365
6.502200890356413 -23.16043314743884
15.631572977664526 20.51637672160451
-20.506630216180195 -21.510468227447625
4.632556499596284 -23.023704311310013
-10.185986384772455 0.4792584373280242
-16.387537111375682 7.486492073388931
-6.540380521050764 -2.6142746304139948
-19.899274853121433 10.142686595508657
15.993739960544232 -23.275749053046553
20.585678364362913 20.258291328925694
-16.160056253171746 24.40651687661539
-2.2150696769027434 23.976896540040023
0.014491139081101778 -16.920559864859126
-9.561790742415067 -19.02998529713505
-23.66649590081321 9.324256759909751
8.02213779109298 -2.862477098676745
15.008657185545324 -13.855052849654893
-12.428816721703162 -15.666715879934689
6.86232722563706 -1.6079719518132904
24.48379249652183 21.819423796296626
-18.084390574555748 -16.31917490353186
-10.5747188478723 18.72142537196597
9.363518715368713 11.548905566450514
22.501511092737267 -2.56583871114713
-6.675991873208893 22.918543262307352
-23.82002104798176 -7.549270847483303
11.116661114354102 16.712972555373106
8.222945625169608 24.658646671693
13.068982388914499 -19.411530748279198
11.375603054426229 0.39294416597793713
-3.267329484773839 -22.09862490054594
-5.767758419921421 21.290483877042583
-9.735898399332765 6.671776211871844
-19.329141498212326 -23.57039281025602
-15.54563222723862 -10.973880241728123
-18.835295173902384 4.2989823894532435
22.92848948857157 -4.495616016696424
8.283793684076088 -24.013811505654857
-9.458971760319285 12.792439575361811
-0.7676075278447954 6.805755615539606
-6.581759326976183 -14.720889162332734
6.005999530162896 -21.272636204342298
-24.626027761218673 11.388242048061358
4.1553181353102495 -1.1523206299347386
-4.220081244687712 16.908077399007638
-7.841304631983846 -16.025437663484166
-12.64237198462405 8.195763602616971
-14.507002758145926 -24.600033435501206
0.6149163281430212 -14.859869309667568
-6.158281292158012 -6.001682600985177
4.710517670563945 -12.893028224819608
-3.6402580656904924 24.567183725977173
-7.835923762917329 24.88416276870533
-11.605264841286278 -11.720855193239371
3.554415237280118 -3.058031796518719
3.110112455017262 19.26181163646669
1.412059968134745 18.538807837432017
-17.099172671759067 0.21797087768512569
-8.805825190588546 24.04798903210328
-10.307513770338705 17.068390671332736
15.766019609802072 -3.0875148848401963
20.809359049961095 15.383710784812308
-8.225543952244667 8.068885337546085
-17.437083904971807 -3.3581046258722047
16.51774022159138 2.1553394245216637
-3.8329631772015915 -1.055857769242845
-21.66950076777232 -19.288731454349296
-9.344187129177033 8.818880535035198
-9.355984254714278 0.3299909663858749
11.543410349706527 20.40157967298118
-11.846752768837737 3.2086306514038654
16.029291983901345 -6.275855241843981
12.972560029539828 13.70672323756719
-8.963830072617423 -0.15312650576018072
20.15076302842231 -9.732054860522087
19.790161625031175 -18.835291524200077
-17.519149194548216 18.130181966049285
-22.874452262864263 9.256329924655873
8.31212013874579 -2.974850801786321
-13.117700824464668 -5.881407190095857
-15.472837951012258 -11.59404716803542
12.73397097049238 -11.510736090787827
4.778866907849853 15.760000474887278
-23.317542017574798 24.28495717572232
-17.96089955051118 -22.295285315951073
-0.18498296236702672 -13.54470557142729
-9.461968775635576 -24.579356519096713
-2.583317179216543 18.696570684015235
23.148548971161688 -5.364400697068561
13.395196157102482 -2.1974993493045325
-10.55989188916861 17.014875264556387
12.191209262290279 12.934522579677747
14.983660119738609 -15.918202732116432
10.084757307726079 -6.823578887484349
6.642218754249441 7.567876004652305
5.418801386892763 -16.32327620302579
16.39407497019971 12.250534831842415
-0.4530373876687257 -21.581222656693566
-21.366163000572218 -22.700011678006998
-20.856057697272618 13.503791958547765
19.953521941430097 21.28562405195565
16.254175563532385 -18.56398675104188
12.781364278927526 6.268537349495762
17.16478128950361 5.599525393439226
-4.7799136225393895 -12.65738994871199
-23.34414112584366 10.074139925836043
1.1608754870140032 0.10722962659353996
-19.75160864922893 -22.90068143212863
23.335923182021887 -6.309892781521558
10.92855713025424 19.89272409978699
14.981757220654721 16.2262470194606
8.033097923043655 -19.136363224907832
-21.840126336700365 9.78778476461131
-18.281179111660663 24.45160221417423
19.337229977677616 -16.173992823507028
4.083829296345005 -19.962450285459227
20.07518634221767 1.0737211454599844
-8.424050872921512 -20.79647931860384
15.367759078492135 -12.334924267262387
-17.11409260170556 0.8186873124205576
16.471928966430937 -6.774594702448894
-21.79701685557342 -5.064286638323207
17.15460876607665 -11.120109435691466
20.577976298341277 8.824026382468539
21.18315055534613 3.6056296231564033
13.796225789774532 -20.56686450432904
-6.680713908565917 13.682758515454246
3.451602278816413 -24.944828858111606
19.142726111692483 -2.9206210278637172
20.39862382100152 12.747256424410594
2.728544118608756 11.314479662801318
-15.98705174084838 11.411692406365354
-7.939598703214511 19.24320916073699
16.8511753108272 -17.44825168678122
-0.23540915820811747 -0.24241336218027243
-16.543304210937887 0.9102885433187105
-12.85824997276867 4.474456582785113
20.471533395234893 -8.147762801973784
-7.4294274207412805 10.412452231237516
-16.927631428578138 12.88418075013535
-1.6017138726398912 -11.927144601720057
-12.027689523024755 -5.4903104703248005
0.5476466115606655 -20.639048895768457
7.4186013535042505 -24.392040703357097
2.601704912457702 13.051656941684762
15.771187215034125 -8.08556867962626
-9.0644313564412 -23.398586803124477
10.811313339689221 -18.776680037569776
-23.37273429670903 -17.00262921808722
2.8054153279392438 -3.2041890463172145
22.9456777326132 -8.746144381829136
12.079231901845148 3.3107758615058422
9.197922692810188 20.94206032861414
-17.708497603181378 -23.910847218581736
-17.807557381686166 -13.824736644125007
0.9291245408320776 6.0149261732527535
7.872146427501789 -11.279368844443017
10.82806517270248 -12.828603645898623
-1.2204281272305622 19.923405396391367
-21.87629733695418 1.5918765132626191
-18.12971665899154 -13.498843388892606
2.1200276714685096 -17.36945901203985
-22.70720306948893 14.69973001387605
14.41616939686984 -18.967175062342196
-6.865828564488485 7.370410869557361
-15.206555341096346 8.796183277971942
-16.79214654617851 -18.04098715345298
21.687651640951735 8.633616485216216
3.215591445862014 12.54234158962943
-12.152441914286822 -13.253234467638903
4.041655706280505 23.6000064873746
20.10500721776443 18.30395756363683
-19.283075122412235 -7.204755906485509
2.075332735902631 8.440304710887197
-5.935764366484047 -22.467761238360378
6.792176523765754 -23.099727180735925
-2.3658878575312947 -12.3570725470453
16.2196005110103 -3.8436572800421125
24.94756915660261 11.190708279409058
-6.437247323375132 -15.758867349167893
-10.421234123822881 24.930620474934187
-23.115879386380794 -4.687050397237581
14.143810987578135 -13.317597247109342
-13.493128973961642 -7.177619987515982
-12.926608755673035 23.246673201457966
-7.556756653914881 -0.9098309730077574
-18.007604975340758 15.12417231158976
-17.751412605550577 22.47389770971344
16.97907728899488 -23.3304522506808
-4.451856373550299 18.22581572880376
23.523769573884884 18.608939200274982
-15.37462881594333 20.29930081994994
-13.976928337266603 20.761512530128215
-22.639456678061286 6.062065225986846
-22.858427569121226 -20.430278904763306
1.8738753678744011 -24.95162592956448
-7.233481727762332 23.297357836865125
1.6245098108565017 18.80395490750344
-16.12058026596175 13.499159995155857
11.155849099348792 -17.88302107392321
12.472909475105446 -9.55384379275676
12.08128139067815 4.329390727467551
-14.834733405578715 -16.68097253659313
4.309950675320241 23.681460892379505
2.0597155026573404 1.922239246484768
9.492957111943277 8.556370128333668
-8.919423693569055 -15.920791514882549
-6.185148954149984 -24.752335860305635
4.3104344381413355 17.265828059155993
-13.758782764773725 -2.715217001985849
22.555239076090587 -10.664570412711544
10.170410916831493 -19.53637709464633
-6.602004209046086 9.033304345800055
6.0912606935735845 -11.7720817434588
23.64392257277509 -2.161351415632158
13.857688848110925 -3.7155396525225655
-21.57236216546418 -19.574122507388815
-22.38972695207201 -22.45578336295203
-22.644568029435035 24.453811175569868
5.489457814978614 9.38952761158167
-1.6758823905732427 -6.8654483194032565
-22.284592098829393 -21.65782679123342
6.12030526007349 22.090511949905633
-4.995488744804753 -18.94546978685312
12.424032013092898 24.566449539185633
22.197272258545063 18.000396828602113
15.590567858566509 4.016246181868006
-1.258193351075775 17.826160673226042
9.98462761594758 -4.030757662767996
-2.176421370331756 23.959487786171763
10.857054290003262 20.64166618321925
-5.310675477468113 -10.40753018142706
5.564340271338903 -1.8287841285000042
-7.969947421851419 -5.2902046173580395
10.300763744794963 12.516414461767987
14.143434335910207 -19.4010156796962
2.9859084167646266 0.3535797177767641
-4.802944971923562 -4.215434103218126
-14.00089365778287 -24.327663278021788
22.151917303260724 18.814856132957573
-5.524861508782799 -4.339201285084126
24.78648454737337 -5.0124156366647625
-15.51990326147535 -4.738127320099345
-11.072182732862856 -4.44344041574649
10.548590482524965 9.903736211069194
12.993629810862657 -11.138607274712742
-10.157157787178939 -22.273491508910343
-24.664233037897777 21.518039838725485
14.368927026029823 -19.097022516726682
16.545855258539795 20.181875806521468
3.7402649828563845 20.85078970479521
0.09323583423051574 12.21010956634207
-18.702019582825812 11.29037487019766
-20.04331894810647 -0.678385178949636
-22.964162803360978 3.97399151527366
-19.92357275189573 -23.592291385852697
-21.099803424285934 -13.160545936084944
1.845907165869086 -15.20548859107041
-15.36390395161446 -1.4595593627881556
-1.858655285202488 4.444661991188681
-9.280224059923226 7.744888664315482
-15.351337729228371 12.771307061215865
-13.048103015561828 3.5086107134588715
-2.5036252824844887 -11.042387729116548
-19.984289764044156 6.546760318963656
15.635400585314208 9.81985650942849
15.929782362891771 17.2733507562884
-8.427473643069806 6.2417318157550845
-1.2619365614664098 -16.72064162101808
6.0581513757203815 -17.304043096933952
-16.16062458730162 -4.3668586175788775
-21.309635109087445 -14.300766719461844
-0.39172644701668347 13.690809667710248
-0.8350077563585572 -20.08307000307021
-3.5666717817377744 13.675739646708934
10.778309006563028 -6.84286540399356
13.801198685513363 14.126235617211613
-21.191975671635678 -11.777239169648668
13.483452686451805 -19.899604277079025
-6.283309894868356 -10.043797231401413
15.020716439818152 4.781264863833989
2.117347648250078 -0.019366310455538382
9.47144778982419 -6.401044895161579
-23.231454423216828 20.43345137467
-11.940161618356566 -18.26688272837843
13.072350361365451 -19.68708476312323
-19.999460267714035 -0.8976704505687785
16.0346504582907 -0.6132964445162301
-23.467126135522065 -20.67880502948311
-8.663728429998852 -0.6594504498078351
16.857556764581275 23.172385998922366
-22.241834778057996 18.307332294795046
0.49741813217916686 -5.040201117920706
12.810535071483677 21.65719351788735
-14.308055941502962 8.374075175404236
2.4337314892040176 16.63530147538434
-13.928572796127709 7.932389111685403
19.729954159675913 -8.532211495620878
-16.805019559060455 7.787163989258175
-4.143792577114258 -4.252124162840847
-8.717741878139002 -23.669255664343954
12.447549304959743 -5.951567994054642
5.361985544631864 14.747049541118635
2.566524914159295 5.914448463358852
-9.729184602394547 -5.3995892364581906
-1.6441710105067173 17.513988243640135
22.614130327661414 -18.194554958031183
19.30071935571347 -17.747008031292957
-6.3456199016002195 7.947917672283353
-1.7736526353281263 -10.879496953448925
-19.566122112615297 -6.306623044418984
-9.435010844830154 -14.55095173731164
9.590543701545307 5.188458715885641
18.332999642303264 -11.590058243992146
-10.582806900885577 -19.974597128053425
9.84421151579732 -10.284147343580452
-4.594898175352512 -22.877584737831384
-14.60418110209063 -9.208472810525798
-13.981455400032461 -19.30499944266367
-13.579838791754629 -8.042159393331332
11.44306893500461 -4.973541246426329
-3.514890407271654 -6.768417277820987
14.423366987456113 -10.870554306264063
17.251991228199074 18.564544568302026
1.428145911894024 -3.4584585209442693
24.209707206496084 15.449524560558963
-7.408111087645803 2.217698161442783
-9.67879935622426 18.141943779787503
14.942584148989098 -2.692496804812066
17.242893454087486 14.435520830194427
-11.024080177437472 2.176639704092043
-0.8839923917140489 -8.414266685249022
21.832543017054242 -15.856263861963416
2.548176479877661 20.656123223006468
-12.985571656408968 5.948329318970881
-0.18175992254584372 18.848985854948694
16.894976335576395 13.526022060854949
-21.350250136483705 11.818721374351597
18.814837652872725 21.249273177313
15.902232937724882 3.8432481708768123
3.0630264887769556 -9.317537526107378
3.5866522621641863 -19.338114678013525
-13.89756353072475 5.248410252422449
16.33914070789168 23.881272551892245
-22.74018832269837 11.783749720169965
-17.693484273741745 -23.265487097031063
14.374824503380289 5.699778740561008
-6.865380163992281 -0.2689708624665954
22.367397533842947 3.9823149402217943
24.180698531596015 23.911506416820757
24.164726504714757 20.190199094536105
13.87831281030465 19.58413182197988
-5.972525330108098 24.379835023900462
17.45710988472726 6.062892658697059
-3.1858555540963884 -16.202711302979637
23.125038448113763 12.913163450774242
-20.189834957894803 17.541958620363864
20.21339833819365 -3.9498377506146163
-13.632221071629475 -2.036511038945566
-24.2922673259096 15.32600797912859
-21.734235148552404 -20.961112753668708
9.400545756752535 24.454440390101432
4.343351672442203 18.664939745061567
-8.031814058087654 -17.20480910168466
-22.08023460608064 16.179873840443072
24.792119783324814 -11.308455849870642
-1.9414109276378504 -2.6402526948131992
24.778013947145297 20.34413685482476
-23.910533081853007 -22.068796368093636
-12.018850735588504 -19.994342549622175
-4.29466922147753 5.900452608007363
-11.615078155863268 -13.984233623230836
17.601430076170097 15.726768149213001
-11.763432480612535 8.039272008861161
2.2006843625133783 -5.941371206933372
15.960345285286635 8.153133348593059
13.958220887538374 18.053262484074928
15.77851047064847 -17.51099212379544
10.952045681374074 -9.386596991876612
-6.779501893551615 -5.9518888568242545
-14.202812669876696 -23.270803574069387
7.2466538578498 7.166952038160119
15.641757766835553 -21.269192009092286
8.77917660762187 -14.67610984131058
-12.187828517554799 18.94571899170856
0.607929600305674 13.207412671378364
8.140225202616811 13.857589728161265
-19.431771047741584 4.985908139442056
-1.8523462075916584 24.11763831712134
8.526497181826656 -1.6902732609208257
-19.579035500270905 -15.324939360817853
10.79572320564781 -7.165948388061853
6.5950986536600595 -11.394144734901518
-7.017247338547826 8.725231562288833
13.67359259814738 -2.2145439279684425
-18.603152121526744 -20.695288252536002
-15.444529038999717 17.640882419404697
4.840612596677435 -24.42336000696604
10.996147185805064 -14.896419433741793
2.5028135271608534 -2.4520034750358235
-2.317718775999733 13.158148019825262
-14.527848388162534 1.5519379780879632
6.639070048020962 17.31731367031908
-3.4469130815956 -13.901400274558007
-15.534537420891247 -3.5118627615248244
2.2448397490850596 9.28649346360455
20.10392639184834 -4.631530418980528
-4.805749989004678 -18.220415624684087
-17.860058148229957 -21.780717690564003
-16.757743443869437 24.25466395295018
4.152337756926322 1.24822106033562
1.882860161652772 -0.03902626514070562
17.118852670151014 -23.959844704252347
-3.2450888960767266 -11.851435908740843
8.166538153055626 -24.23768301491857
14.712365345881928 -22.846909251158927
-23.754868145552173 6.054785143757119
-10.018896708649045 -18.890977978251545
7.121842170763927 -24.95864888342576
-14.624278119133717 -9.876730294519692
8.497956700153352 20.273404149990427
-15.359270721339369 19.4217305776734
-23.621660239664166 -1.2820052593806857
-18.29797247405711 20.524643031915915
17.72741812341132 -12.979239205667248
-17.330505856234595 -16.82300495205491
14.532337019038053 -13.96909737851686
19.02267366128695 7.84088418194608
-14.280195862443417 15.614928688792205
-2.089367751510107 -0.6158251029422175
5.9760078546499 23.822358339951236
6.632141374338069 -8.672401104918908
23.91241987128074 -18.898469879411046
19.541248774895273 18.80917561781785
-13.944277514204101 -24.111334164514048
-16.426752153285108 9.416306065899171
10.750142347159503 13.286141569751045
-22.262416524107763 -19.390412572376665
-7.143673383820758 -10.898726327852753
-11.937195816623342 -10.488197781653664
-12.015319161056198 3.943518001675873
-9.689797706001169 22.166142696648294
-15.847430593219558 -3.521543745918372
-13.337418622628904 8.81129331793899
-4.614394268233351 -0.02514727982148557
8.331598598018672 23.198560712312386
23.330180491693042 -0.7401784091112624
-8.157829285484969 -24.91486120502887
-2.1226452808291043 20.58477617329035
4.0543335724482645 -14.045928457649449
-14.685011432452994 -16.91348161408407
12.211414638681923 16.38477885112752
-4.690456759818002 2.823350118200551
-2.4692616113475623 -10.762400513501602
-23.324254084304542 -17.232489870707788
4.331521367344138 21.8782911725067
-8.926755258477986 18.752640014071496
2.9409188138539086 -21.880963542682075
-4.304417334154071 -6.785632853788918
10.195997081973474 8.691205457750613
-10.623971043304437 -11.198070676885802
-1.2161874351059758 14.440304972204316
-0.6383647416510918 11.977516362745682
3.0814674921565306 -1.9350248152961669
-1.3749150351012744 3.9270525509182193
-5.798461640879911 -10.69305207636076
-12.812482119337181 -12.586641250805513
-21.17434448044651 10.834020693241413
-10.179571926413338 5.305355634461073
-3.673945073978775 -13.430008239927272
12.313727489833475 -8.448074911912173
-10.073100640761739 -16.84157808923193
20.166115598299307 23.334882242500335
0.9747750575138276 12.166917244531263
20.96015899939902 -16.237906848249942
17.72454810891079 5.281451573285857
12.087966784142502 6.322016942815711
14.412469248890524 -13.612222289252852
21.264164699373353 -5.6808544384793045
-21.33783468431715 11.004324489407487
22.772755432133238 -20.452457069092706
17.233734702156433 -14.750710933370087
23.028949002606907 14.693920645215428
-17.636257905367547 -9.785463582986903
14.023315763005307 -12.503634351685905
-4.614890373051072 -18.123763235571932
-4.92018775348787 -8.360964366028732
-10.471354470941453 -21.747649510405715
-11.069394337755224 -0.8953341390897549
-12.305741103901369 -18.25700064958928
-23.629944035568123 -8.392357163614577
22.595173320126214 -12.948773089126043
19.21155576105373 11.799589672867207
13.936203778795253 15.038500357207838
-8.647193796674497 -4.133064870753518
20.56069018914119 -13.239689268630055
7.856201656107473 -6.863249132811216
7.016598268970007 -10.999772645123485
-24.623818608699654 -1.7743626895362965
15.206941587914798 -13.64133483243325
13.565430311348656 13.894970495195906
14.243520869104835 -21.370489540953464
0.37686516938616066 -4.998301292098358
-21.57882809867656 2.2158886096426365
13.126636529941962 -9.552150783320135
-1.8412845369446877 15.596668747902541
-6.987147573681845 -21.33215294146827
21.123341578443394 -4.322546244538117
5.795203421441268 -24.510013307317426
-2.4259574603216763 10.02722019276922
16.069407227510055 3.791529747947603
7.906284450241031 10.140695340872007
16.883630160981546 -7.467051632889177
-5.131933273326105 -10.907371963356882
19.3407677572514 7.2229338090982225
-22.642740901617927 22.578640235131374
-20.75367314875732 7.438672787606301
-22.619832524408686 13.099957373526507
18.479753834986425 -19.52745039776959
-21.4460966463425 -21.822470564798362
-15.36561451406368 -14.824435096086708
2.019016197166817 -9.663685813438367
-11.066079925781441 -19.374878121937634
9.231952789482584 0.3783467567132419
-19.698804886366606 -11.38713164380608
-20.279308460755207 -12.660124407636065
-5.831085441997626 -6.437168054619857
11.58548291323173 -21.25407858967381
5.26136211040259 -16.29222806794184
0.6786476484700259 -7.900169496970399
5.027885479803352 7.741279288521611
7.48128856500243 -20.031483088270946
-6.108684120813546 -1.5559028638291892
-4.1496363669349705 -6.782855665375919
12.543946956452878 23.475393631343536
-6.8810401085713835 3.8062349823085313
2.4070249723853685 5.775878250213079
-1.270128684815031 6.00969539393283
15.070661173760932 24.2519718575277
3.6201453764206626 17.494595913261826
22.893076406781404 -16.815539008015172
-3.114451766234712 -4.455881268750328
13.904622105237124 -14.781597763800214
-24.062561355140428 15.52050290367211
19.034069535476924 14.630932505296698
-23.995646976898495 -24.239446007762055
-6.4263684421181395 23.023992135437595
24.553630325901274 3.7711947701466393
5.196918919992061 -17.274412821310886
2.015313385851318 12.544664080092012
-3.9067770493064486 15.51622625368352
8.405856113356137 -19.9747361646408
-5.57728616571368 -0.5258641436226767
12.699212404084903 14.023826684940957
-8.880407356653436 -1.7845423034072923
10.50125620154541 -4.816906619938283
-11.552657026560247 -1.126676646418506
20.22187600526584 -1.879172092385943
-0.6933669671681315 15.605128997577367
-21.514920466023252 -17.608594372247744
15.059595031211217 -16.07958303579725
-0.5340807266385958 8.51049827465092
14.372660611460091 -4.619050400280095
-16.256037921750128 2.584112012934586
-18.876958280837748 -19.13245162028513
-23.98374331076046 -24.562013657331615
18.59873848493953 18.815803279926953
-0.9416278282144184 -2.3639917568112736
1.6612503301049522 17.251497820305836
2.6237252014847456 11.480516672651305
-15.26381333286878 18.113346112104793
-14.540830779137798 10.436766945627703
16.995264733656242 -13.731533039810873
-1.204318187400773 2.8426427962025222
3.6903052307262882 -11.641394366129981
-11.063435468633525 -24.630318241450627
-9.412051216931838 1.643451439466979
-14.663761588081393 -13.339937644556294
-8.408543621280018 -18.25968777285477
-3.2220978238703886 11.708357859852498
19.22011547153874 -6.780815314999899
23.79860808671711 20.502450695222038
12.503859585524943 -16.734788418384753
9.710526111388745 -13.289049875317065
13.571906859783311 -5.316103555394314
-7.443010303847487 5.7374589013314115
9.90669168230464 3.40304390733316
23.78428450889686 -12.84244130404219
12.630807218716797 22.005772722625537
21.917201702356664 24.92781307234685
24.864912579195774 1.6639188794889073
7.782799888072567 -7.502518237435979
-17.737927720747393 -7.404618286286652
-4.071414811637759 18.55103456065674
-1.197411635555973 21.72015638527651
-7.409042253902864 3.1846090710516464
-15.761646744185814 -8.741671490254532
-13.742385397729507 6.49768401482574
-17.358656478025516 -7.184164122144498
15.90475500016749 -3.3208700630284653
-24.66971916467549 9.778447225741587
-16.889325946809574 1.2829575801175785
-4.297796879297248 -21.047776201107983
-3.5403517470549097 3.673013000431453
4.334744354744181 -21.935591571577113
20.58316488602285 -9.323298688450166
22.391057415505507 -24.32010123361102
18.875934966962042 16.505933379287328
-23.42702218411385 -0.22700638009830598
-9.078526210329246 10.584531993665394
8.262601313082676 19.770401092960547
-1.0726810897597652 6.843171138243083
-22.565253813449093 -2.3756499079440943
23.606056621080562 4.91122768091487
-13.52663098593378 24.588331237171282
19.25634387343674 9.005764320683937
-19.18902302736764 9.186545043214274
21.280301600934983 1.8761726144120736
14.822373731304076 -5.930364198755743
-0.41233253889761556 5.049336713412856
11.304823778324462 19.49374261296289
6.571294507245245 17.677086894653605
-3.3692728657761855 -21.170264862358312
5.613521230102187 -22.54780902744971
-0.5130898130979951 -20.60290756069299
2.9212148856416 -18.55572540234272
10.1444449747177 -18.233713019647823
15.786985013373851 -20.34077732579496
19.61677071120014 -3.3630954507450177
21.105262388048963 10.767252139214044
-22.67551060810442 3.9335003362136476
2.30180733624087 -1.5980914668690716
7.90431352723833 -18.373482320935096
8.074985672886065 -12.411433127069104
23.163317573105104 -13.608536585844455
-17.775790500813123 7.679740374945041
-19.829885702963452 -7.350749231932696
-15.05545228443776 4.957637409473204
-3.4173295228222607 -22.742920995700892
-12.688624857966218 3.095286063589647
24.92386863608985 -19.41255624454218
-17.474417196544078 -12.439583673718168
6.962319968473356 -15.70519060214554
-13.87249205623996 -13.669901612404335
-17.180290961371227 17.623505453906915
9.904629323590314 20.81594600626247
-19.32712826338086 15.896369534443075
18.745514570057743 23.56712754364854
-5.633637793542469 -7.434428761733958
-15.469715843317061 2.6224418913045113
-20.435095885563342 -13.065989061403544
-7.5430527697666285 -10.99173383527704
-10.249157511027374 -1.2984719573970054
-5.9451075489530005 -8.37380399256395
17.99655902026489 -12.825695076601246
22.535193393474103 -23.635587943849025
0.81598271539821 -12.98311111616251
-17.13888796251821 -20.633326281706758
-9.975785608723282 15.831959889856797
-10.73264615872937 -20.77933009731539
-20.32865467695065 14.142162527331934
-8.965417583164676 8.773201897308333
14.831363313677272 19.999248371835336
-6.4281617191512055 -19.085780474905196
-3.384769139730544 2.0804982239563827
-19.18975864169166 -23.29313116632813
-2.6824249903221364 18.076349652610403
-18.970605476075974 -7.97120800430277
23.812606875609873 -3.5133045841887807
24.55384073917373 -10.69691485672044
-15.735943723457297 -21.545684452280188
-0.35210576346369393 -15.007323835248688
24.519158170263083 18.376755152022227
-16.774810676371963 15.756443935545349
-14.922095967823633 7.6854653231419405
12.912907388197858 -9.460445600542311
-11.131000302556233 9.480014709287687
-21.497103136300794 -2.7136912503485817
-13.334485530316071 13.652016759570536
-13.550752162606361 14.156241597400552
-1.4135824049854264 -3.2842881731828655
-1.3765820986382415 21.876987308225623
-6.496686075028052 -14.952740484579124
21.621399209651237 5.226615386751188
-6.54754762935147 -18.82452040289246
13.351161086781225 -12.550208846590639
-3.1648750076112577 12.121954610000621
22.024702056267273 22.589469140041942
6.714162397494267 -9.954165149079714
-21.923326923635482 -15.46730901428084
-19.694052496300852 -20.218045436073425
-24.050156306352548 13.629446661510677
12.441883084678565 -8.903194591196556
13.32996511012697 22.47243544056566
12.934949582039543 4.212783191922881
1.5637230781193985 17.142769220846752
1.5062254174409695 -12.641452243801709
-21.906645938767525 10.450750524785128
9.621918412211109 -1.4062609073985044
11.42766643814042 24.139189609907888
-17.637380063235064 -1.3696601654670388
18.640106466010145 15.521423282580145
16.473728185234606 16.580468513615564
0.9216283891359716 -16.068199810503344
-9.949471077632705 3.410040794834572
-2.7389065087493947 7.856502470675274
11.142143561346117 -17.405462564972872
-0.2544007806104247 -11.03783381252368
-24.598554558635332 9.604300920152106
-8.121120735384135 -3.282531055304844
-0.17822765189345446 -5.037683947876065
-18.81517561446497 -0.5697706301946752
1.1343011149573492 -14.35749782580092
-2.772130051396122 -23.798314667648697
4.149251423076489 -23.58052047560327
3.765937595994302 23.93212983516282
0.5953658463915481 -0.49053004166982817
-12.80650339118456 24.191312721469934
-19.30858772756494 1.2789182038653095
-4.383972941097397 -20.614964132576546
12.165776164214456 12.740574553712385
-14.381906709669929 -10.44476559768745
6.021316280267946 7.7658087066480945
-14.515082280706265 -10.298846912201304
-18.487079264524297 1.6089371062290247
10.554842859296421 -15.190437582257521
-21.37052574063894 15.249109632024002
-7.607945168236814 -17.32742257353263
-8.312754166004993 -1.6675245878736966
24.74748889682911 -0.6411531685192386
20.05630997641856 3.0046118505541344
1.9531237597001834 -8.660033477454416
-10.44325112808972 11.301400024778886
1.8881076056141133 15.264710594536986
-11.649096910178153 -17.72627603902841
-8.659282280108933 18.25111914539559
9.773935353932714 12.663213530383743
-14.280261746401878 -8.298976327678698
23.833066083533467 -19.649275457505063
-22.050914379787777 -6.0298295994095135
-4.210201620279303 0.768530547235347
11.763677316902857 -16.278457223541725
-7.085486682200564 -12.777086889836125
-23.669985357132695 -7.43197176754623
-20.71774420083341 22.538053582497227
22.33891808933768 20.519815026981355
-20.11871665772562 1.1173476972847816
-21.95139815650446 -4.601742194934545
8.484791020329098 -2.6180709474503807
-0.5031757668874306 10.212938654785894
-0.8887460786622619 -12.72818504838839
-10.047842799545531 -11.575455050316341
-5.664780869467229 23.379696348210658
-4.787197831848488 18.43335917483521
9.009460425630905 19.572310902474577
21.240817049163475 4.9179757294910935
21.663502751880372 -19.332693242613715
13.805246392631872 -0.9598583108888263
8.033635638267185 2.8372808292130287
-21.703366725225383 -6.1474760433191555
19.055386525774097 18.783793049122266
-23.899320410836317 18.091462065194015
-22.203598976370834 2.0790142358786667
23.408676066694362 -14.621718153075797
3.6458400327980414 8.007124772111702
-12.707808409056815 -10.39209265295382
-8.677058055390201 17.121914152851787
-17.078330516586625 24.68360245884584
19.677315939521215 3.297388367068944
2.887675759974357 -4.218743896781174
-22.401253899081524 -12.430791673475916
-17.811767735954653 3.217596439306096
-17.894767549176322 -9.10249156101811
-6.417395017392963 21.761996509384318
12.493306619631674 -21.442641375493178
22.225847922070223 2.1476515832955947
-9.169177766852133 -11.840966047886237
9.035963379872634 -16.46192434434109
23.19449527847356 -14.809004474986281
10.022950889688225 -21.873232396816995
-24.196556879715963 -11.51038801011302
-17.192159200140523 2.873660449585426
9.787424144420193 13.94565815709501
0.9889150890037719 23.844143620352618
-21.54007624571407 23.895388815836313
3.052640340652342 -15.548229304055717
-20.157019932035364 -11.877615318475687
-12.609861281603878 8.973780795314077
16.89769641049658 23.813129777866173
13.395069369220323 -3.974603855679849
-22.132758346494885 1.6730837666708673
3.4943519572992194 -17.271745239772187
6.618576310681924 5.729527968420211
6.849201759817753 -16.996164680817383
-1.096074341732411 6.082649143420543
-10.533102342378303 14.023524561389792
14.34485961510564 -11.232379174902624
-15.01278190105041 15.488135966843345
12.320302554778273 17.272240972041587
-11.05664854762095 -3.9185228511437344
-5.596451306320482 -3.0472715035684814
14.945175010030773 21.086697772239802
-6.657773607892874 5.922120553161282
-24.928786201171555 22.779528287237376
21.705911053544632 19.448501688781995
21.4109162901143 15.5660462618199
20.324082304362562 12.574802959772846
5.32290794806098 -4.599388161695838
-14.72873742660728 -7.721286057978954
11.318467679746 -23.756139121182546
15.616546753649267 -17.914138451036905
-4.0207262211284025 -8.293077517377302
-4.069282157558934 -4.818519814135364
23.703380951989075 -12.645784509580709
11.503845723248766 0.698609300025705
-7.423883429577131 16.663661805214467
-2.4625275987690927 -23.41448968895335
-3.3493732948751287 13.130846811282069
-0.8252461816370413 -19.63335784193387
10.790028098782962 14.211853667359271
13.625285905301212 18.710622982703157
21.870568344009378 -21.23567016160503
-6.522749175393066 -15.720531051672742
-14.70820347719603 3.7638904772610715
23.35366273827787 14.078706859965962
-18.37906569013828 0.5060610830435195
-16.687003578062882 18.163194593635495
12.168858561102702 -15.769565619225661
-21.048721701992157 2.5080919059748616
-5.96276783912964 15.99151683709244
4.598080174951509 1.9564900954298636
-11.347373979773668 -12.156488675171213
-4.504480878259322 0.4131212658831167
21.387509872143866 -6.316874550286489
19.37903322261542 -16.050754144037057
0.7318904363502483 -4.548528185507816
-8.905927498882132 10.827097173333058
-21.28020159382486 15.32226262475345
12.15087204478246 4.682269523444166
6.87875685703791 -11.23299966593499
15.21168452481362 -9.712853823433504
-8.709505189691008 24.124861927456813
5.555999068528994 -22.034933222274294
-15.135229769277759 -1.976955735549602
1.3248911903142826 -7.002528677718811
-5.729490411029133 -17.063235203782362
5.014293112651519 13.251840801018368
10.319300310164422 14.682265757801126
-0.7986909351178682 -0.8025307217643558
16.560258267665823 -7.575174889548698
-3.282038212967297 2.3321448771897693
-0.19632088941249393 15.228634371955053
20.405992359990243 -3.5806321345461427
8.332157048104207 -1.6560779092655515
-23.804356927886204 23.918755372958074
19.788853171630066 21.54162023179058
20.15011277054844 -5.995151977471842
-18.828443188703204 -0.15090889638614158
19.056365326938142 -21.826308793068257
15.931137938896569 -4.854143277292355
-4.32767566807572 -1.8501707818238238
1.4762163482462398 -17.086182028677914
9.36150842216346 23.919475616058165
-17.276346998124453 5.280136063185353
18.316059422295673 9.361800033176351
19.665638454145984 23.11508163723478
8.5384570896845 3.2761747352541875
20.945286629963384 -24.369648202786287
20.991958724410544 -17.62527395911011
12.579264125904572 20.265081748299536
11.525541957132006 13.65942504646376
12.983898561574804 12.614002199114275
21.576041082449073 -23.46643388110111
-20.72883284906596 -11.901056107047287
18.29236798033137 -5.232727826606435
-8.724821065443518 16.18947229413603
8.105769406836608 10.220838070972242
-7.78823708630317 5.950804741521953
24.57035721731343 -4.879635081537774
-11.570961694009634 16.76723167516718
6.496586928713228 24.269563979873986
22.216959345297596 -16.29403339600125
14.76334695312444 -9.751498484094856
2.433199758773462 20.43765898422587
-16.873266973706464 24.473166087589206
17.386185644955596 -16.992501356832918
0.742941798928431 -11.286368749020138
14.513427243657809 -9.627687769209203
15.736833397997927 -12.715710878661145
18.123626495736787 -10.84749450732661
3.7647791468214997 5.760562306511975
-13.447163480827745 11.315829985596906
7.697023300240538 -10.459971242593829
-7.865980203800117 -17.686811989092465
-6.481715196508102 16.773399908133193
2.9557228229442387 -2.4959421939101567
-10.218712570882893 21.55799428740098
-6.765121036860773 -16.388445029273157
1.7018705235426879 17.84027953233671
19.470920286375645 5.357685778630966
22.13721767343496 23.083800942708464
-24.126298096229554 10.829812191581574
-16.988151530366668 -3.1739879051221713
-11.241771766635267 -14.378324059961416
5.880934055004396 -15.60927486008442
3.562733255801927 5.425444119835998
15.043486192283083 -14.87145842554541
-3.0465874323390203 -19.17421736896503
-13.055931118587994 14.89966631903792
18.463746489044887 -5.449824858097529
24.394407412641556 -6.592900797656476
11.493347237132582 -7.408042897180838
9.070176740336471 -12.13502015243782
6.156886566730435 18.981261276836484
14.021004628196138 13.188755715141212
-20.544509803235833 12.59410107665142
2.239816577458768 -5.7287913130761865
6.723762502427 3.2967398784882747
12.114598461961016 16.96006634985595
3.280280066064549 -11.2799097239201
16.834527894287724 9.209423319629309
1.452648494546331 11.296002730141034
9.112340380287193 -1.31326537025841
4.4009524495489245 4.858004079223054
3.3095565464670287 12.50990796403255
-24.69938293891084 18.012147115988135
-17.446289653794732 11.777203580559984
-1.1547503021057324 19.818023056613193
14.569750402062596 -6.856392119496867
1.957693781078362 -20.872390871428266
-20.413510876084455 -7.82044455787419
-0.2644060072958432 18.305522267012194
22.841184421255626 1.2257607016518186
16.353031388014287 -1.362465902489813
20.48759990055629 21.57289999198295
-5.781451109775681 -13.689171617538054
21.41428196762272 10.375189935498007
-3.5775014343502214 2.752040476078786
-13.196788092755817 -19.094164851843416
22.480888877056664 2.933278740079075
-16.129252803782308 -17.988324747495938
4.1267626742438885 -6.802985035945664
3.93125524508428 2.7100484432341183
17.92883835094191 -16.574875112658127
21.865106000080722 -4.794665424555365
18.47351538971465 -16.11702602042037
-19.31946366431674 12.148468679680668
-19.10061754277713 -16.05823153126008
-6.193595468224959 -13.683087504414114
-15.027047241654317 21.584705436802317
4.3541340730448255 -21.761730417154023
-16.919478938370315 1.312763419042902
-4.4903254321045765 24.706201402425272
13.59754011977273 7.4094621004359595
-12.578545265983365 -13.247459426902413
-20.525445042555866 11.477701073336966
-18.24866375118222 -6.464402728657198
-7.128184901747641 24.42696902081093
-5.5989326467670395 -5.440224056830523
