-9.498367154719462 -14.496416618839254 -12.537270269710726
19.970960297987503 24.04789910013045 20.881728897751508
6.505137241501274 24.719695337653384 8.731289996152434
3.223050857437208 -20.77848336446536 -22.96190352583035
-9.251947222037792 18.74129541217428 -19.926213414171134
14.37934157007654 23.621333108911898 -17.216660018347042
-21.44444977490103 22.51080256063738 -16.445198270136025
-9.744454963133798 21.846377736721415 13.390276163643072
-7.042160960681841 -12.26248523944366 16.012487220736453
-2.323271857731747 -24.14680641200132 13.702930848362087
6.233429416135785 -13.097164239114933 -19.284114283498393
3.099776165795088 -24.867085089908525 6.88843277683236
15.956949203424784 -7.526128385331258 -13.220522500695619
13.447457131704915 -21.637985264431837 10.54374268938534
-18.556585618306098 3.2872892791321675 0.3614965015389444
-1.9790189969102592 11.766433332162407 -8.156897367235544
23.016874762924125 3.374995403161453 17.91821327271134
21.87436087464063 -9.136923799519447 9.827579778196508
-4.806276675995214 -19.98893413306692 -10.179684795633525
3.97215517679178 18.330260115299495 11.548699920603198
-24.734557861524316 -23.34586809742562 -22.142685632657425
-0.5518310314909556 22.470227368777863 19.054803547563182
20.06231917491902 -2.7154183513702073 16.782632671413012
14.788316438878013 24.210416320351953 10.853078319626995
-18.754093887140492 -11.805248267191686 16.189540132888936
-23.399788237296516 19.56082176390114 13.812482743645745
-18.159474291941425 -24.167739525640336 1.7199955593439569
5.347147856531727 3.0785587676073867 -20.21153456440652
-21.54370736163358 5.4700516363496305 24.05682752669216
-21.994074857532038 -0.8345243481636793 16.181555526843063
16.62744807363599 -14.119606478979774 15.077153404004996
14.47657211037987 -8.056183992808062 13.347956150416998
7.760045994050472 -24.680254926796373 -10.73384402683245
14.804895267449396 -23.677958224999628 18.954649515876767
-21.472567565133094 -20.017542729891595 18.70405472031102
-20.56481964513311 -2.7873379006324512 14.186138108287793
3.970628319807833 0.77888640826977 3.268395230333411
-20.21020752490083 8.100576761389618 18.965300156293516
-3.5233343672697437 22.200027911826567 -19.160702930667384
-18.17253623374512 -19.88120072995688 12.923302199365885
-11.453383133051902 14.900221323074362 5.531102896374467
9.054868509871703 12.023679092053364 -22.71191880129567
2.3910852220298757 -22.574784089121803 0.24947077987699373
-11.450999938940875 15.605887467540072 8.16553305705088
2.2175337477199335 -16.631743486065055 -0.11131227542585265
1.8590215692310856 6.737945386966874 8.073105640029056
4.315415305878563 -24.839083920711737 -22.023014888797256
19.36657298734341 20.60193077086828 14.602559074871031
2.8047498677101714 -12.251809030307225 -21.804578549148594
-18.124082661173134 1.3338056292726428 -17.16181159195725
6.812173831166163 -14.306239621234267 -15.847515697319842
-0.9105762485444266 -14.796436204522252 6.560436566648221
-13.030255186627986 5.154380143437127 4.3746926324555275
0.6858763328785002 20.533018798133902 7.261760400683649
-23.028845149258526 5.860156216782254 -12.274753499833762
-20.87867129276622 2.7952309466549643 -19.04108634204347
-21.088612130931995 -1.9137225339150703 19.607168127351088
-17.784786905175338 -3.015179859686544 -0.69837718557676
-17.630269258818423 -16.42302800961327 -24.660493013759293
-7.66821223847823 0.18099588294976243 -21.78146995655662
-9.493001845120736 -13.702341317244265 24.58988855804529
-7.43946935719827 22.06694951197646 -23.450976970264612
3.204389171429934 22.668076247173865 -3.9571952515783977
-6.268001345753817 -11.846750189770733 17.303673434649184
-19.91347603068099 -13.580848499008042 14.395924204108134
17.024539785902654 -3.985195715927965 -20.966057236527313
20.416838408409447 -10.821633657562991 -6.113047831733994
6.582165375969069 -21.320913740135893 7.805478138107638
12.199282022051392 -13.929768958247863 13.105859980387294
-16.660173162557875 21.939438534253583 -14.65589941990425
-18.064321762558016 -16.502867595731303 20.157850929086877
-6.359418540844107 6.660899170131064 11.618387392413418
-22.88186858222028 18.48515609018755 -14.012298982938015
24.9732770529807 23.375808061573586 10.532402382499235
-15.359636993322717 17.58724466393064 -6.014412329415414
-23.849597737153744 21.170439237258826 -4.448028805191829
18.203988177365204 10.514641450314961 -14.079485188330443
-1.0326542357872732 22.882511592730403 6.14838963182806
-12.360243505579922 0.5067459420192932 -5.003150156869879
-22.89327881537619 -23.443191700562956 -24.007758757582543
0.6821011964303558 24.027730866059535 -7.426752019288902
-5.365778767902334 4.750796602160246 -17.082335682428663
-7.691491507766692 2.561685047486691 19.559131393990818
-10.20186742153304 -1.9738918503243674 7.595613518527372
-5.26189382264916 19.928168933662917 7.221874554736509
7.140364675471098 6.773957369098216 6.3641868911291155
10.19270800784836 -10.721767497871676 1.6150619181895927
7.889219439149386 13.15304545224216 -11.517715826147723
2.552777850189358 7.78482831408504 22.066192838458896
11.179134984084492 20.607965948623097 12.343625145433812
12.832333734517142 -24.98437563046413 7.796119023318923
-20.27264568430957 4.396732862759645 -6.186081245061338
-14.059084762535894 21.526466504342636 -7.226602469125183
-24.648019733966077 7.628934612727669 5.926857805789236
-0.2248022722504892 2.4987434301826603 20.398297294766884
-6.191716294772547 -12.934859806478293 -23.92769718704786
6.662215207909284 -7.578693151701831 -20.238616591613894
-0.45787040792498246 -20.97507493210568 -17.380612422099933
24.463282537753642 5.8104282243951815 8.538038427558156
-17.20052316946819 20.139698590339805 -7.119023139962827
-15.474175840533988 12.4514625862327 15.185437144322286
15.593304196264398 17.94195411787848 -12.460421973733936
21.076269302765752 -7.686311324685434 -17.96645344730146
17.44142435921181 -22.8728444622965 -21.56094548410728
19.586190227406 -16.366249183225207 17.24867377364979
5.721831685155323 -0.9487724516446967 -21.759751474033614
-3.798745727336854 17.3986465454528 20.881231186759983
-8.432057632411126 22.353795328832796 8.516603958129984
21.13320994085852 -15.51027825806442 19.951362851110503
20.49260898394202 5.514505652011657 -15.79268950137776
0.6367937825936494 23.750337163789084 2.8303840979888903
4.1294075461838275 17.465018005990444 -20.10950270034212
-4.791434180607801 -24.79448388962889 16.76399815369618
8.109594421455263 -13.320044638738294 23.43297130178386
9.143707316706205 -8.079139610203889 -15.83399827088522
-4.898731540563805 -12.20311693123643 -14.669545777359211
-20.541305526447566 -24.33150795067022 16.161049444352138
11.518371503518338 -9.627675290908622 -23.11366074691403
4.907401754932366 5.670870336613039 -7.564249895603904
20.524540937537502 -16.917437168965485 21.779395522252265
-11.750704064663669 -0.9934970646186088 -11.821922250388806
-18.694140873915565 21.48289733821121 8.964288534157376
-0.9718011840232315 22.64399129246231 -6.569406869410265
-3.969684423960146 -5.328081650030995 -12.333864713853837
-17.166269031064253 8.535890846300696 -7.060033343353574
-18.604239627980462 -21.08482665795952 -23.009485895470227
-18.074596495534713 -13.755282811688868 24.84724201821912
-0.060610525966460216 -10.371689174008313 19.955074644652
-11.700124473387236 -3.8638123767799577 3.5030020426809862
-23.193060776435694 3.5838098540773196 -3.4012646431458293
-14.747520169232208 -4.917823071240079 4.423267460074147
24.56834685538299 -5.8162112843279665 3.99423665341007
-6.674700873483776 -22.096636021494714 -19.041440902398747
21.944218747676295 -14.802354983627513 -8.634982804082057
3.050729057392921 -6.179533770649087 19.267576930473354
-17.10223694504313 1.6434035341536308 5.878868130805181
-7.550998592212903 21.06061360203067 1.497578866238701
-6.282848078097597 -3.674645718040786 -19.071651792544664
-4.242087113411451 14.341107003372286 -15.654201215046404
24.875474431426184 23.88218820771619 -6.369519047206413
8.528233264553528 13.109519951725694 0.14707078611681013
5.091621124058921 -24.37041894819255 -22.34340192516025
-15.794823308937783 -11.116243813185566 11.975871965181462
-4.252007526435879 -1.9668000459343595 10.88234524546877
-17.944472814919887 -11.354452867203307 11.18867072463997
1.1344049607512297 11.614266373835932 21.070845654261227
-9.044981005296155 -2.096024059824231 18.35210329251788
-4.779594901049165 -15.910073875423825 15.624429523934182
18.204264962544116 9.178197247615529 -20.453457766963226
21.99870642621751 -12.504999453994635 5.589595196682833
-2.548942427040142 -3.555832899267113 19.68665953104886
-24.71624224259399 7.119987791774463 -16.089471321543936
-15.31885951682006 -12.79279285745017 -24.59367888975126
-17.74839684673955 2.512658067633943 -13.340329141404938
17.455971395833878 1.6825480535500574 -0.8683252192033635
-3.2271867783773054 -22.343894235344298 8.366777796292759
4.103216303814971 -15.500899763511939 6.939267883695898
6.408490655439046 -19.387616175573157 5.374770560560517
3.8792899992428964 -10.385350468666577 17.349913226493506
14.398033387256156 20.5315364473201 -3.8129972827297856
-14.787734074092812 -17.407381652568326 7.315904473072294
-3.254250362158846 6.510957889602054 6.237960625292182
-8.687194456165432 21.453697972256023 9.651702014705457
20.945644012671337 -0.9371884255185314 21.40486506890035
8.929262364057536 -15.341450179273581 20.789683369218118
-23.412010034217662 20.826853195639714 -0.850308031571334
1.320510269249354 -18.977855787366323 -11.377531323544765
-1.0599974603204991 -12.596733975051883 11.83481306190253
-7.717668721961047 -24.88890107766673 20.252956530434915
19.661901218023864 -1.7604948988340574 -15.86889830984432
-2.6092658936666737 12.609407821595894 -21.197541992222348
-6.33828038555556 -18.40525653337073 15.61157682170068
-23.72532439737862 -21.96677362414112 5.270809712164155
-14.045190740275315 6.254535164037613 -19.2190346437719
10.721053794305867 -20.913541449710433 -13.125142077118262
-13.999586187345503 -24.983167041869002 -14.342842845963705
17.10505072767569 -20.906534841272222 -4.576796165612944
18.802842983878215 13.09709289489441 -9.20923133165007
-7.128097373010522 -20.8698534146358 -1.694772793422196
-23.779773095839147 17.405405661591807 6.731164054566296
-21.79742288747023 -10.131737371781114 -11.144533737837648
-18.293141185268897 -5.932953274162184 -12.016761483622906
20.05721233415568 0.8681405088389837 15.132311860760709
-5.267853786046274 -4.8107584571607624 23.098478944161826
16.594458745295995 7.230275350263739 24.91029490907868
-14.306618545919509 -5.765860007375139 17.711706169065764
-18.096483816098196 -18.43421454832677 -2.6472773315641085
7.888420323576568 22.698940070200102 -3.563183568755779
-2.6257515582842395 -4.488018335592109 16.444598195892233
-20.38411782555866 17.297055147458572 -7.225844539514775
-17.52518015877505 -21.24057546758901 4.811925511306214
-3.054579056516072 -17.980526169605305 -24.25913423689777
-15.551980712160773 24.117295571966658 -9.712972918560608
23.52264218891095 8.962072960157201 15.185212212991132
11.671099523361725 6.673432506756772 -8.81118887055231
-14.084266166848048 -15.347202080793249 22.848644505439317
-15.063856637738072 -4.736953785272441 5.876198261304626
14.014428796676256 20.47314578261556 -13.966593843123903
-17.44197823546525 -19.22362044646092 -22.910033432664783
19.205434746901382 -2.6330728435170307 -15.953251248017352
-20.906577263001974 -0.9478049749679194 -22.27683824847031
11.778229379609641 13.025317763566662 18.70893674614804
13.683001302353702 -10.09946522499826 -17.788519499909313
-19.17568986254973 -13.977364981524593 -16.347062119881212
-21.810226807897298 18.31714102336894 -10.11395334537098
19.792723309384854 -11.38612002911945 10.406334746123505
-17.728477600056785 15.14913588913577 15.128908551597121
-12.15090441796961 -12.575952713916122 2.0909349039843335
2.4020068053011983 16.435987778077255 23.450073255328306
6.147186560025325 18.733465616781118 -8.92135201763395
15.473209627735272 -11.185963204666404 7.970263473446799
-16.226589753628378 -0.9352315259224824 -11.536734534166222
24.674337395834392 -12.551658029022677 5.262967111817314
20.268121125887994 -0.5290574457938568 -23.167723994519164
9.840573547719764 3.3429392582761217 9.775091970466747
13.625189100206569 20.734289483137943 -8.873040972440222
-11.941271723051772 9.72667597821681 -8.433954242450735
7.689929812430691 5.803704991449909 15.784499270483806
2.7479588957475833 18.450141031442243 -7.328066250874166
-16.880959582219525 -10.434409644843823 -5.252250751678588
11.283707770144588 -16.023276201016785 -4.551744593323008
19.025947670259775 -15.756277154989434 18.133998641652532
-8.590859405870255 23.10778053363694 -18.7694342876759
9.252108519896389 18.571792965644654 -24.30009486020571
24.648586006949166 -17.57103142768388 -9.758757251554574
-11.953362806818419 -13.443729001601096 -3.961105305983253
-16.109589338041438 21.49860535762152 -0.3643195362810445
-7.10333460073711 20.059800430870283 3.8321074612043873
-12.163027351004075 -9.42011621148438 -6.413085676823609
22.354446539703652 -22.47887566574581 18.506405123443912
0.7697597138492718 -10.589323829523362 5.338223389465508
5.520146571063972 -11.67229339609785 -12.706837277253442
15.94806182183126 -15.059753284997118 17.48038523038383
1.5681125284795883 -12.860553878463726 22.760951524290242
24.23220528200109 -16.58852726923432 22.764386458193123
-4.97750421182403 -23.939717578804125 7.976789253515655
2.373025672292872 -24.747273749785254 13.189154699120643
-5.369243719213973 7.90041759189414 5.3632799697519395
9.259850304648879 -9.102458595361185 17.895274274158567
-15.4028752052426 15.4714981817596 -19.79643691738192
2.5910123497301747 3.328012284242103 -1.3140083378638963
-7.488272497503758 -3.300550360021525 -3.7873236307896505
21.211253748795386 -4.556179433158835 -14.306094986451201
22.29114595239917 -19.90652646774631 17.88703513243042
-22.236500483632675 22.21516674159875 -21.06050403463935
8.489016490266977 -11.148820975852274 5.038033278920967
-13.100959248118238 23.975134701497957 7.643590518251806
16.390326354465415 10.21923900278955 1.4491145736787772
-2.34856213260068 16.804793312318836 -20.014250608574898
16.52802032286918 -1.652170910942523 -14.881521423963212
3.1161428752117786 22.309365918504795 -17.986651237957787
10.203563674796214 22.97905215616943 21.712749635450123
-17.96193041633773 24.861330851863535 11.107239544317075
23.16374174935258 -17.17515049031375 2.134268124058675
-17.719775475182047 17.88251047577686 16.440867744823997
-12.480565520279752 -14.089098180116045 12.035643040791484
-24.709965140816564 15.716398188120444 9.716953987163116
16.47639808719738 -13.608097343794284 -2.9024439296061857
-2.902611857666031 7.053325168653863 -21.396243944351166
0.12804203955415971 1.8894825663103205 -9.556617091662146
6.216810928519827 15.412569426522325 6.725922041277805
-11.422879748376552 -24.408805648376614 19.32950250843936
-24.786763974965968 23.617017923456366 -8.382955094234795
-2.160156058520325 0.18624064408251328 15.324228122360893
-22.852706425586213 11.105888101955038 2.4493088554861835
-10.953085223611147 3.9882507059050276 2.422141165482085
-4.672949509395391 5.545609488768655 -6.784039357324346
17.901735243613295 -9.920576117911184 -24.400375613141158
-0.8270421804292276 -16.89622308098983 -4.9117805809788635
-1.2967645488918649 -9.24118431978962 12.306981027181536
19.647741498550644 -2.033872028087462 -7.799149421842316
-11.24531664160085 24.059595362373067 -12.016841649570836
18.879535692416525 4.396447080886606 -22.318013348431116
-5.546555941888492 22.75853775792374 24.238952319576597
14.910087330391605 -23.304643393646803 13.923643956366988
-13.532778110213911 1.866560334791341 -5.878880086703898
18.626934058267594 -12.420644111058055 -15.254505688309084
-4.399749635231494 -11.812349208433027 -10.789256086795662
21.307013233006806 18.266930788143924 13.066917186149063
5.656639514342231 17.27485492592578 -14.942047086564076
-23.692959979286165 -15.047622482165984 11.319790435085856
16.830095815446697 16.03473875741018 -12.102236472345423
-1.3453762687918989 -24.495032483328806 -21.934407765920106
13.500576724734564 -2.5484988621799936 -19.550931919992827
19.356002879571264 14.87415016063072 -20.345858713599597
-21.979646600902075 5.696946094152995 -22.315628607367326
1.1672095292932454 23.033762565314767 6.1363254338300806
-8.097051219212243 -14.79055182363947 1.6301462950290286
15.389653601464701 -19.66188380944494 6.21007248441941
-4.310881980828718 -21.136542935205338 -23.86628229648987
5.061012309999711 -17.631013848807918 23.12855726401481
-16.83098615149326 -11.905228236228528 7.179397952654668
16.322125997866813 -21.981544622682907 -19.390557384211156
-15.479841633339554 -1.7260648427636625 -23.377528786799594
23.69886569230897 7.833195093693661 -3.659139104317223
4.062983036113753 23.715006340266058 19.502826433267472
-6.297100114637416 18.322671505552094 10.616747300900457
18.19805449670904 17.36990137881771 -4.0337144755201955
-17.52211329249416 -10.132271575059454 19.49134147592924
-15.275217513359468 -18.156589358846816 -9.93323385306849
-23.979503841704965 -3.8698276413304917 -10.922250457337256
17.068850964345998 22.78289261523625 -4.756918772890145
-22.09660793077926 13.260475636292945 19.320271147761737
-2.2152252402104935 -6.835056763392526 13.898151860199803
-16.862246258954116 21.85166277871854 17.98940538259322
-22.331943211991106 12.132114239028319 16.369262046005993
13.108489886052482 0.036856863818140795 19.026099595032505
-12.028642485390833 -17.772219845172916 -14.602545960475688
-12.663852441783153 -10.142787528687174 2.110756449502439
13.936718899804731 2.677750804020068 -20.34849776644503
15.5715145493944 -7.068819031124036 18.879996990724116
11.56772076054002 18.37805183428509 -17.810843265350623
-14.026952489307437 -22.29125446141376 8.341703780400223
-8.888533000239775 1.1509125793988382 13.55168352981871
23.946934395871267 13.738210501544515 9.891612146280352
16.723422649679513 18.548923667193137 0.7150489657812464
22.118995376351123 -9.845724708310405 16.366625486096353
24.901171720949293 16.174971101300322 -8.415152395741138
-15.134954254887301 13.845029863869684 -23.247682318365896
-1.827681270402337 -8.345405173668048 12.391457972429166
-4.338296671371673 7.333960719098506 -9.467993888611431
22.972275177298314 24.427006501042356 -15.896310635825511
-18.911584591449525 10.299323127446733 -21.81355199473683
-11.574557576677808 14.19232882962249 1.909291230834814
-19.684778743501596 6.686917333238142 23.05706457008145
-0.9050174633797639 -6.280358083538495 18.805605422018637
15.862056404919315 3.2317956495585847 -10.110640167838081
-20.01702454609378 -1.6060870526465436 -11.49757545487074
-24.57341343574958 15.8075364005066 -5.535612369532849
13.71026369919511 -0.46505406917630054 4.146303186748153
-4.250175284986984 -20.121964112764413 -13.535619980560298
14.172943061432385 5.165783133585727 -5.318968627790522
18.225924384413233 8.610645400097674 12.602022827473505
0.1526240068764828 23.938825146092455 -5.792087987732103
7.114242434676733 -14.660923444875168 1.048037871748349
3.749801397952929 -17.971596467624444 -0.929194550664775
-15.452572194489555 -18.479209021142005 -10.262443770951467
-15.657132093251558 -8.316757227080153 12.971199109851774
13.797574825699442 9.948936935459166 -1.772901267371303
20.44997073551292 6.595238874202963 -21.11506522224756
22.614423152360487 -21.99181522134793 -0.45822752022797175
14.09542751961473 3.0351905539095014 -7.43244071749886
6.846025544272322 -18.832142147285673 -15.550510128325273
-10.522487691842624 -17.217966043979636 6.689435938726163
12.540137208004815 -24.66668841874852 20.102778294297693
14.945384702187297 -20.46954208072451 -22.497051239311332
-11.969847894738022 -24.323435815801496 -5.451834327487369
-6.671964221418541 19.86404421843546 14.967005840212124
-22.906781799421815 7.955261553204458 10.615967422684015
-12.127956713301774 -12.942072451357738 -16.820814633733363
-9.73396104641987 -16.572148398126522 20.861677480319436
-10.768974820793014 0.6244292446042294 21.913400606580694
-18.354716365835383 -12.264025556731251 -17.841094447609084
23.912370419324866 11.395844615515024 13.796572497635374
-13.072763616760163 -18.44504099327086 9.832037914120953
15.98719890099673 -8.499809173028183 15.577804423266208
-1.3686550418042067 -20.3366236545189 -23.35608229164936
-7.233849430246011 -9.448784624875678 12.786817762203917
9.31679023773647 24.372411745169778 -10.39628258501024
3.494837470591648 -5.824747422713383 5.3450007859700825
24.116708404793854 -18.607553290914485 -11.134212573142182
21.660877605739067 -20.6610817943548 22.355477075615646
1.9712638513971825 -8.168351195774111 -19.422696212687303
-0.18280008272932946 -20.441312881933964 23.403986508864563
1.4810858820778634 4.404937615890788 -18.738527427509993
15.258287523773518 -8.76251109339064 24.270547204847873
18.09213465070843 -1.2765587912753489 -19.48536726442855
-18.385860659315476 7.2659707605026185 24.15899348282369
-10.683910776278566 -8.40635235930635 -24.720412693280174
-19.454536524516463 22.57172944987468 -3.300194393099119
-23.435450563355865 7.037297849046034 2.718767987685439
-17.62603513933704 -13.09213050059253 1.9409297472978757
-4.405262366047243 22.12303147386219 3.2177513903099424
12.37568214267798 -21.590874291515238 21.879903279228543
10.748888168781413 23.07906810684613 6.825788939064637
15.293250026630986 -6.262112155851479 -17.39436209259752
-24.570842223177277 13.154570810215276 -6.202686172541878
-23.40538761255772 -12.912105950725012 18.07749705988929
-22.469196165187622 -7.181777367489527 14.744798169126327
-21.500893403058452 8.17554408500584 15.287812196541928
-4.68255001914595 -4.945557600258567 2.0250903675001837
13.660359606184045 -20.501993767170525 -1.347783569084232
-22.921232784672263 17.39244267303127 -6.923090208596459
-19.1929869610725 9.600784328705068 19.47341674052361
21.824327939952497 23.47682854582935 6.966203418171666
15.61470025972762 -14.507803778528954 8.315793118390111
-13.519772961324334 -8.088010458049666 7.325216717083734
-9.245875014414334 -13.10421502416122 4.558184324472357
-18.592084515363936 -18.30293082030451 -4.61673913500767
-4.187124561094173 -15.661591549254162 -14.531237965692684
22.182724115484923 2.844775061605592 -18.9036884998672
12.412831769366896 2.103895920533965 24.07853423177292
-24.564073746581812 17.359563621139138 -5.495401925091205
7.479239568785779 -23.98901795538485 9.207939874007465
3.8044425518757876 20.31240552527462 -10.1054719597022
-15.293194357066946 12.566429060550888 2.1204306962792465
1.9074243710267282 -8.474709907784927 20.346612028830755
20.216069541999097 -8.80314915049031 8.69068631053814
-14.85097461891317 -14.008829645481836 -18.10440882839152
3.159591360351371 -2.663425310467243 20.05692194429613
-13.073317289791781 -0.08187051805266066 -14.672928690403081
18.532859135479285 -4.773540456161129 3.4247278782493105
-3.081677187749417 -17.918825066918497 2.3109388065162655
21.029656763594232 -24.00475101537064 10.75487872801903
-6.803410761443573 -8.660123969146039 0.08772926084653676
8.278965145086175 -14.224100361800417 -1.4772738402030363
16.929116579283956 -12.920714920350363 15.937331451007033
-12.116660257437918 6.998341071716734 -5.979370193573892
-6.43314999714628 -17.22848672941713 -5.136038312993534
-10.455252022544109 24.008963170019207 8.077207780198705
-18.275656252636434 -9.345940368677475 24.902493188584074
18.301977785012724 13.768037541985727 -3.09411011622387
-20.12514618248388 -8.222748570007226 23.92664211541136
-21.431809817230956 9.183237808783872 -20.60603299072174
3.950139707489548 17.689073821415242 -12.425812840673261
19.771454919677538 15.589907225048805 21.573426915280017
12.209504281138763 -16.16792562715429 -19.552161502952934
12.591559200255773 -15.570231510409705 22.545915464637353
0.44741122787982945 -0.8935360416606137 3.3446249242853554
22.590971101734176 -22.087708133631313 -9.194842925347906
11.3476363722245 -12.752592672274837 -8.806808649943871
18.03772102788217 3.0746220907306316 -19.14852502258385
9.116409737265293 10.040478828415068 -13.972228070686905
-8.95367309749328 16.623030869568822 8.880987582318788
12.35560153557477 -18.796394601008075 -24.96300555157766
-17.39935388030593 -23.280859279177967 -0.019697380423782107
18.793488284667163 24.444304819877907 -1.4336601182096054
-0.3381221986587484 -17.889521493297078 18.863544605597944
7.6461824323058565 -19.919616857049032 -10.817742613531456
-17.9265421630456 -16.77590691200338 -3.911251656342511
-3.9300410315174332 8.700876519539662 11.006973935230434
19.81400024761679 17.90517513568914 20.41826895128979
-6.897569689613626 18.248998802338583 15.652749832731843
13.884920916444166 -24.34037620708736 20.03926247494394
5.997469977294905 18.670901623121296 2.876188025528741
-0.8254388607807464 2.431628084829036 14.000452319022557
0.8275032695988074 -21.02990174175546 15.077682228453646
9.237788227003577 -19.84686279744438 -14.149800766686926
3.4970658522692553 12.738678485192857 1.3246834995289944
-11.362186985702294 -1.3447835300395568 -12.482333610304131
10.396671288009806 22.952111389126664 -19.224172456054596
7.363831520182465 0.12548012588056778 9.923203134928912
-19.76348907497107 -13.835849041094011 -4.62151259908482
-9.158734291397069 8.408352366830542 -4.162843894382618
-15.58002844335516 9.451189985357416 -8.055646085893414
1.7251118491207578 -18.574613161147358 -10.771824341949232
-13.36014644859742 -8.62748556244199 -23.99945603263227
4.15453308324328 2.557413754578125 13.071471382763384
16.870912206471047 9.400287921428244 7.329678907023748
-22.984300673335518 9.7822819023716 20.654962304390452
17.72495736915674 -9.669694813955088 2.8316023149839005
-2.488484666124961 9.58939236948411 -1.9788043250412954
-3.619080001738716 14.79747836707174 17.791796549069375
-14.917917407043102 -4.6101439715771235 2.375275832606903
11.657253711817702 -6.0635581982355085 -7.5942291480531345
-2.42231681725395 18.369571749605754 -5.70121775904801
-20.22111620778962 15.351809818111434 -14.440036990768862
21.10579197242582 12.767805485626994 -2.9884616155834003
0.2508356305065078 -5.19737677249848 -13.613305308965629
7.872578889689166 -24.45639144999366 13.110074759517488
20.41463399977338 23.448517909063447 12.855061060792622
-0.9887641716857694 18.478535016608703 -10.016173335999396
1.072421592379193 -18.205856705411982 10.824297821256103
12.915221474004802 7.427649552453637 -23.054747798441845
-8.87864475223919 21.68509715735079 21.320187681851507
-8.109712157196387 8.949714183397148 6.743853773132972
14.579281312861859 4.2482978234631545 -23.44346671804934
-13.149619550744134 10.73807510597409 24.64357417361753
17.800304914878204 -7.860189902600911 -5.221450385714839
6.527198344982317 1.5481580035846143 -15.563790581205389
-7.380280618432479 -18.840181817208535 -14.663874536053756
0.6494938807824475 17.468808360066575 16.033460930515595
10.846374814519919 -10.878114696335995 20.173359791431473
-24.524087605954946 -6.077155299925458 14.662536337598183
-2.2329504046257718 -14.424213709323908 0.39943859253518355
-3.5825469807126993 -2.840423249596487 -2.9629031149728213
21.922841161914818 1.8011889661333775 14.467747039311384
16.07633366818186 11.508642334663534 24.070572855532674
7.537291848607943 1.2025765721943245 17.394521457711953
12.251867261997987 -9.691986532024083 -14.448322503350658
-23.825532218866595 4.093499910562187 -12.628881336366366
20.707924714763024 -20.051586074122184 -6.619750958434729
7.157656400143168 -7.557548938318952 -12.276730929138935
23.544990214078737 -10.269369430236159 -17.06199401899898
-3.279254204890563 -2.3140511225231855 -9.284944418308827
-5.713529330229971 19.273721718964758 -20.954825503546374
-12.12539898321549 -4.722199983794432 -23.845333332349373
21.80998376213553 -4.602815943640277 9.702982640377414
10.966564980914569 -24.13595475990406 -12.47517599996047
15.214086676324058 19.86120607231662 16.777586090909132
-7.47975839245391 3.72070386461456 -12.884367797119673
-7.916361226958347 -18.979251286187733 -5.953538265301088
-9.923682037396443 15.744536037238717 17.707820045348434
-11.488104091815593 -3.2821637119678435 -2.3098909620624504
12.50613649480691 -16.08301031810784 -3.2737386736015495
9.504815480953411 8.973115523954569 -20.862897149256572
4.7814554655728045 -1.6553812267215235 15.514249514732448
-19.58736945741888 14.986967803055485 11.26383681764895
-17.436595816040818 -1.9889240563056525 -7.733931439661095
5.700545142917129 -14.365722196202013 20.65967442628243
22.50292000979332 -21.174100497939452 -4.487766393236342
-22.68812017831494 -14.334042625178817 19.486036421737026
-15.726780549812036 23.579093613335367 -23.836492322731022
-18.895397266726366 -1.7241793405475647 3.5747892836996193
-14.461864155252368 22.311369407388007 -3.50821785126017
-11.132126857835939 -7.029870302450192 -20.577169259714502
-10.297192888916396 8.868175909039444 20.47890504660939
1.6752281039507047 4.391433262241179 -19.22963050048847
1.6839813416503802 6.738987596173168 17.657620758764416
-14.755900188318927 5.243395580009597 6.796974379621375
-5.993972726955498 21.472087616459405 17.745587244448906
-16.28676171103876 4.8321002597609635 4.059023740774322
6.004149272460779 -18.420649164661807 -12.984261005385973
5.266605359623849 -15.295447208981845 3.4704683426355523
-20.345710404535865 24.660217687604494 21.734488525626155
-6.807198961445888 17.11924625250856 5.6362771271961165
2.8741287756602567 -7.140731470861368 -15.390311578135101
-2.0149997261517854 8.999800457208934 0.5054769158564056
4.49070762888411 -4.766464473606373 4.7245715795510606
-4.173380313763641 1.5834068586547225 -16.827754192241066
-23.596768620884 18.118673165069296 19.630479522215246
-11.781097954502584 7.261693679991467 3.897942336886466
21.393816375763684 -10.353705021477461 0.6868614201042362
11.44780047946086 -2.705277668116011 -8.185685933359448
8.93535266178462 18.40527506080008 -9.388329550117591
18.076101788045293 18.72712422760278 -22.685010779637082
-1.1520269308218687 -5.80122288514265 -7.169895528740238
5.937676162434119 16.14975568072699 10.201991508635793
-12.606223325973342 0.3011912257958329 23.368806572910017
18.602513753294552 -5.046855226601508 -22.04279097353696
3.151031287509369 -9.293193238403779 -4.86246092642665
3.8237548630244156 -22.900625977488353 5.46474894310764
-15.002331189500467 -18.278526919044396 14.349904194153538
3.579772819165612 9.221174185260836 22.738421364699803
-8.924662281819273 20.732967824336754 22.81701388340592
-19.404419873361373 9.206411440515389 23.377437545099802
12.513143934923818 -20.47304428130964 12.699076457756476
-24.104077329873647 15.345082201671495 21.481100228862225
0.811129891031527 -20.884997083082403 1.0561927832558808
-1.1798833041726908 -18.264665470970826 -9.00399370364947
23.600781445000578 -10.123556505675918 -10.292439330394853
-19.893663590012757 -6.228497858325234 21.207924292018227
17.634298048255886 -13.17443636709733 -10.446573648932066
-6.445331519052516 -14.769391054483505 13.310736400217408
-19.423291817737432 -21.752894546298783 -17.27153663179149
-12.528535532465007 -3.218814547313702 8.24345952784455
9.007395761420476 11.89095325082392 14.202179817593155
22.260519914022723 1.0903412907090448 22.94468855807628
0.23427162558535386 13.695894166658412 -17.47468884328528
5.858415280735084 9.148756738601783 11.834588296253536
-6.967555476748483 24.717620603960995 15.41313668883339
-22.85880703003538 -12.051894225140375 -10.462637317417034
-5.703081569215968 18.096093154615467 -7.902721196742352
9.388380827516968 -0.5462004768803439 6.234347696375959
-6.325960704764309 -3.3728555857150795 16.92515236920596
-0.37833416454563107 -4.522179259700067 12.508391142645216
-24.820498718819234 -10.587198815332782 -4.787234239710131
2.9321242116500628 -3.759417170866463 -14.890887868961112
20.3343642863732 -21.738989482506234 -19.18095165184196
-23.712603576426222 18.1825177097624 -0.360456869286935
-18.572056987469743 -17.52122460657169 5.556305172349678
-14.870529315972902 -10.318932080853749 11.773903435390814
-7.088552444412688 -15.739313952560746 -14.162990449970414
16.104528857213346 -12.85010979579988 24.793527136569878
-3.0915391370623695 2.1885334147549287 12.432388811890576
5.153584243596072 13.310281577208698 -1.614369773110326
-12.359675726370579 24.441545166593706 -2.671672136272118
11.410457260490993 5.759101047028743 13.760563190834972
-8.5613745037938 -16.23378335702973 -5.084750804522649
5.980441186493184 22.87269150967176 13.798451412053453
-14.562960601246665 12.255076573685017 9.283573019367893
-24.232078475929203 10.969449654977616 4.224905920212901
-20.694363568528466 23.84586503950878 -9.176884491480541
22.88233080368753 21.034897036239478 21.680533921503567
10.872468177932696 3.10674477340957 -17.20452888852904
10.647664378955803 -1.8258328856130497 -23.255040694256735
5.816256634515732 -6.754603823355215 20.400527165407958
20.361233450528253 -21.50907651898852 -18.374132766849566
13.662867005763566 4.174258645205981 17.864085820147572
-0.39046563954003943 21.382010279248902 -12.32134829438567
11.44959564344768 -15.838153088799118 -0.7229419239205228
13.566196557703883 0.8464397006015538 -8.420248258812691
-1.8002886970231486 -14.776991485329038 6.0257675108885245
7.41172732380074 -9.276849408689959 -18.158593030519924
-23.630799826903342 11.787549284962445 1.4641518168583936
14.363597320034238 -9.169466328484411 0.8097854714564967
16.64417901514627 13.41300609363352 18.743495726723815
-15.21090030738681 -7.375712239317284 -23.403933405454346
-12.837569103569935 24.083246745776435 -14.672218664903975
5.505519338622804 -13.372645080093125 -15.533182920943306
-1.8070251049379529 8.87218237269144 6.657859636929338
23.51320867115988 -7.385325917872876 19.62874758960082
-7.992412043002801 -7.854136086206477 -4.70104431921683
-23.257199295459003 -23.09942947882917 -5.294494747319028
-2.446721252550212 -1.2087118008915425 11.510070642976743
12.63934197555637 -23.768240480812107 -18.989855021787587
-1.2027040311202164 -22.67223875776871 8.549505235558627
-15.840995867123597 2.21266993606476 16.019828030763016
-20.555040126852525 13.236525246823433 -0.6726891945163729
2.287782039147263 23.69740262034223 -21.97487465984766
-20.423597934781533 -2.0144839425394316 13.608496005469902
7.411247494273795 6.5421550913892474 -11.132499860649474
1.7125596142827995 5.374430581556982 19.613092983724094
-4.199225349462431 -12.517658115372587 4.06283058578968
4.856706587181421 -13.20179544615822 22.968108766736442
-0.6190961579114322 -12.254882278826646 19.326880079520535
-12.662536748193642 -21.90782737925288 -19.90987359764319
7.917576797543106 -14.262079254671217 -21.476131728441583
-20.997210806852163 17.633661184770794 5.5506468702352585
-5.817714975405991 10.820619057625557 14.482196708977177
-13.553484561628142 9.618053190522915 1.776503778261091
-20.161855083555412 3.3482788293552446 -16.248408792395033
-4.642582394814852 -9.679053913808506 20.361257195443493
24.46483084849644 -24.814453733718757 20.9195995608954
-22.055086624218674 -8.178409391770913 -4.848007647192965
-21.625875657969658 3.9745646871766063 -21.429548176896546
15.492427536140376 -2.602461218533737 22.45967576264413
0.15417666643523376 -9.78642993094353 -22.535188290548515
17.929982281822824 18.226865305688897 4.641863078104858
-6.282512707214359 2.1592190432316016 -3.701866813856615
17.54392755572232 14.965747382877076 -1.9446110795820886
-13.794524675735776 15.922381924969798 6.002444237802379
22.181066742705966 -12.448199236303253 -13.33445255853698
-6.972422312046156 -7.185333923180366 0.9878980338827006
-13.659270598738033 2.2112198106156065 19.143260995370063
-15.459657057515752 -23.58426208084394 -6.944873729725021
18.375849180321424 -7.34004844263244 21.832395349534202
-23.36706102046086 9.263057371663322 0.013546115825224803
-3.9360737425975962 22.320938020771607 -21.078731452846817
13.725861317496111 -14.970485470049772 18.887572822863476
6.434265423350695 14.07470260768276 -5.465232088828596
-23.320592395573502 -12.9289216436967 22.281852363933517
-7.493033519571291 21.48928003835583 -6.470650001444149
16.674444978029527 -12.334708788951293 10.904250698463791
-8.837556280638292 -10.919121105785296 14.446026449722154
20.75738132340667 2.971727531543504 11.671530366607385
-24.039742612912953 -16.40929770123311 -0.12858873461510356
-3.8899423819988463 8.023116730898437 -2.738484318402705
23.52682969789459 -3.9128562884139804 2.1699558510490107
-1.4191255484852512 -13.620098243351592 -17.6490196534534
24.308636180762278 -12.561600286557223 -9.738712441951364
0.24660304422567947 4.858019674527224 13.440724746895924
3.8715624617005275 1.3550771349334916 5.686099169427429
-14.275797358169855 3.1735284742879912 -10.01527426772203
-19.787636717023748 23.668879878585933 -15.611059521888853
-21.076910130275365 -0.25752547065007647 2.0565336856049683
-14.981494454341309 16.54883250372049 16.724953430744364
10.95154763193105 0.13291203862614154 -22.84889949504351
23.974918290072267 3.223429695107722 21.34908802359063
0.8850323931893627 -11.327156035949987 -0.912087228684566
20.774847587827885 20.907037928966936 8.949371465846014
-22.45528686279567 14.743142717045174 -5.149701659466366
-11.786110601297894 -24.18837813970785 23.9421419249309
3.9600595439869224 9.66949879479769 22.469945989985995
1.4540778257176648 -13.633419898945876 -7.249887793470638
-19.664819103658715 19.340781626464512 8.854796707469156
15.203406076251355 15.6752478985726 -13.49519418455547
4.704374758040057 22.40407899504659 -13.725414288837479
-22.654418214748027 3.020528991446227 22.419466062565874
-0.06454067218146164 -18.608879056827753 12.938920729370338
-7.651509720597787 -24.104353273490055 4.42532065289533
5.552194129169479 -1.7326162159891645 23.24390652929759
-23.14348449408059 17.145525777702318 6.217307702635566
23.868744141259732 20.580508380263197 16.882971522315785
-24.146366030769645 -19.619690849942344 4.192624968907694
10.931249199437765 19.463193877081864 -9.190480239968773
24.82231457311285 -3.9901723487765395 24.11348214176946
-1.5706349946065856 7.293655733002261 -20.577405590750676
23.975764550640363 12.292516223472127 -11.836381139035229
-12.849724347655494 -5.531259023783612 21.826935834320103
5.2475578164732255 1.9699821767544137 8.91333097450611
0.3804400358836766 -2.542519971210673 14.469759291117192
1.3959305054498046 -3.8346856745906663 8.872042618337098
18.150421945284585 -5.4495035755553864 -17.095718457849813
4.202078098010542 1.341359846223984 10.660068565020211
20.25172963440769 -9.957388580945425 -5.60669763654267
7.450037898872672 17.36499152652847 -12.244447586071223
4.887958129281788 1.163903388858472 4.582987020006495
17.729906851685932 -15.509410009984892 -22.80795097703294
1.561204527174798 17.496834603571223 -4.763735631700328
21.12363625513302 15.233567287203329 -20.792094276729244
-12.806931308557672 1.6198331286222718 18.424083131765236
13.612100591487874 -20.486783550865297 -19.736020357692162
-19.80061496557851 -13.734726337343444 7.982851978637385
4.812934411878224 0.8766200766716814 -18.075198196400187
11.654637341489973 -9.62553126256479 16.16116189046724
-2.839353144727042 -16.804620452949326 -22.419111819063282
15.469024479601437 1.6325713669501525 21.311874800565782
20.700155331318825 24.494108945097466 13.971786923739685
18.293288156593782 24.234958481689844 5.968980831649645
19.438982843480723 -9.42575740306193 8.871548367681633
-11.111762845120998 -15.979274654457848 -8.059354655223917
-7.2001885771637575 -9.388163002719551 18.90911394097585
-21.72554602206983 24.631355375146093 -1.618651667276211
0.037138487477133 5.019375462665522 6.898090703703826
-23.49954045187151 -20.42922173093697 -6.44092527093995
14.831956958275164 -3.2079158208062992 5.02840323161664
-12.9049879934381 2.8536818329608096 20.588093435001753
-4.551824418414213 4.188259327721717 -17.13067662804862
20.774482727353757 -6.703902638582409 -18.203996213919066
24.755286142465685 -11.010263474306397 20.486490454207022
-15.328407933454047 19.60248335920462 18.78205228435509
-15.75281275158052 -14.281764258300816 -24.37647194037309
3.576533253843401 -15.84091058092792 19.998003897677982
19.2275727443918 -5.641689591451726 -4.014257867617143
20.99930798779961 16.557853929226972 5.613706310596523
4.754827273725869 -19.87993497948896 22.295938555009506
16.651156766165194 9.202600513166296 23.527772697054147
-16.910202235483613 19.84372952546817 -0.1383324349612458
-14.989550083580545 7.422703186477406 -1.0411327838418138
-0.4082339858650528 0.7663521402285873 -3.969829331433722
-5.20425887912867 -21.055376293813154 -22.92358575741764
23.714469432555887 -11.819818176488416 15.674090235956292
15.03766987871267 13.567896188476617 -1.037494011626844
14.366919869004718 22.118351472707495 -4.4263248824781485
-13.768646309570547 21.845410571461628 -3.5486927164139814
2.7549882995599972 -23.804587158389623 -21.810455457772882
12.446528351018053 -8.882813373212745 -21.161998033752273
-10.40443557160527 -21.260050330998638 -16.96146815064686
-15.19139346437018 19.60785534074502 -6.735756353776225
14.401039761475602 -15.027766458261137 17.21280744006635
-14.735370896607563 19.595522045018143 -9.551514206347623
-3.836142767818078 -3.288900065210541 0.15069853183709725
-2.998363641416269 -19.893583238446194 15.336543464336202
-23.00334859406718 15.006875278766678 -23.136251491225774
20.76008940729261 -14.984752367293996 12.009514223750259
0.1475319265263515 -16.33813310001547 13.927422530501815
-6.524994578738756 -1.855568736505731 0.15279724045079135
23.394296464384084 -17.681603067777914 -23.273117642802642
23.254463180411342 7.186577527050133 19.761575828722997
2.1391704627319648 23.68262370874804 0.1933143494359868
17.411462561124075 -15.565559169324416 -6.902761479443903
19.689622256365602 -21.17372120751755 21.767912712178806
13.491731024227022 11.758529005910198 0.10174285218392143
13.465016444494033 24.11631857696191 23.95759233673475
-3.0377781855371495 10.063111130702922 -6.637840760459827
14.461463974188703 -14.40975031261656 -18.31607272826207
-23.78808363746201 24.166351492467506 5.300884583958769
2.3885040548204657 19.130395479301995 23.921060232673106
9.750516294970524 7.491600713356469 -4.081001900774474
13.21515766027236 3.0293967837490605 -2.8574621974503884
24.10622578053264 -19.12410869858222 16.460666160880386
-18.774342406508936 14.365317953500657 -11.456038622583009
18.184982125508448 5.211433919774667 -22.59682339176417
16.291777080236777 -1.996686860674906 -12.748508155837811
-2.9477752305968004 18.504495182290142 -21.595786048549222
3.002890030034962 -0.30946843079622965 13.726706992896474
8.829931055051247 10.850735714677306 -0.43293856687107635
19.686185814049175 -18.989210179921805 -5.620729235347511
15.230618369140508 4.610493937744327 7.083014064979906
11.611860228307698 5.1862826718734 5.105770362293093
-21.576940537038226 9.1791116861651 19.221182852541055
9.637949242993884 10.395200929322264 -3.4700760055040973
0.6700815435026328 -0.5130519498201522 -14.695533252450637
-24.9422179413777 -24.526499830932142 -15.248948354202474
-7.644059043919832 -17.249868102498667 -13.86641504570293
2.581017936789916 -4.166724569008146 24.173271874917084
-2.267385992751379 -9.492078963049643 23.261642171778682
19.55777268411572 -21.15644765121984 -20.94362307605663
-6.733278363153289 -16.655945983013517 -4.22408253288733
-3.756063435957447 -0.7547130354151932 -11.101947746346319
17.833425548093928 16.127477620794338 15.406881040714836
10.82794155060649 19.290834479254677 2.939500102895831
-12.01604504286471 4.256688337836952 19.924185772460177
4.052120900358297 11.499493204529848 -11.532167494135242
-19.306323859086966 7.958907816293056 -15.982731044631866
-24.01551448219407 -9.513331167145179 -11.633264299213025
-19.496417235843474 -17.09935146717824 16.829603592446432
15.30454189803929 12.862125588225787 -18.63089068432306
11.225658375073202 -19.708479512271424 19.276059325873412
4.165947142792131 23.121070424895365 2.238216887194998
-2.793669365187135 -15.23093446253525 -0.21298983670983773
3.112795682103851 3.162055355563716 4.344123087567436
-6.423106867905531 21.595381568497892 -8.564442473892527
-19.395365606028687 -9.506829920216465 2.1988877793316277
3.6749733161833653 -8.124444633300222 3.2262474721722434
0.9735616567225307 -3.8382242436193366 -23.626423259791007
11.121746065131006 15.49258274324054 14.139437974652672
-4.563166156744309 -17.85901436863075 14.836481691111985
-19.488788589181116 7.717619997890161 -1.4096451297021986
-17.665432203998073 6.889113028026443 -19.169905796946374
-5.110756012098676 18.701739687467537 -12.438244708876029
-21.554403889510137 -10.224038780197631 -11.629170862372645
14.823901558561609 10.778674825235058 0.287911163506994
20.87606111249167 6.499559472956122 12.207921122443956
15.299906526522953 13.458895462000001 -16.22337533084941
15.475196265923621 19.20464742222063 -1.7748001178764135
18.549019812480566 12.619329370537102 17.89494929441264
24.747849633132383 -24.761071556944316 20.118087002396052
5.25947968903257 18.520781684037082 13.411961807208662
14.983410552852035 1.6029255917183782 19.88274724045379
-4.803175398016119 -6.75395282592644 17.070301555991676
-5.681339765232835 0.26453997340516366 -23.582321340337735
13.503388476627862 10.52982163344501 12.648706378623217
-15.032035753087847 6.371055795212559 -20.38041597455615
21.063113576642948 18.98638004565415 -2.2297095077128795
12.782086694760004 20.66767579229245 -13.188312922975681
-5.433255462912307 -12.569313642564383 -21.196263710209944
-16.799683983494432 -12.64074932301084 -5.353194748878881
7.940691297633336 2.853634093107164 -6.745650133359408
7.955795537310223 -19.048302690233328 -19.25238986340948
0.10360148856491236 -16.077695057084135 8.81788547529586
-5.7247616001175174 -16.76289252290762 -13.113059452471958
-6.164301325306809 -16.049552806590295 17.088854873680916
17.188038757338305 -14.505772051502863 15.83060733375158
-2.406762148256913 -21.451204160922103 18.691304065372755
22.753538152689053 9.868346252829255 -3.503733124494385
17.291043753030003 -21.682437040864468 23.251430477987952
9.25016884503355 8.951245815565741 -11.132770946805486
-7.533272510478124 -12.819750672361735 -9.998842884552428
19.26838149382902 -13.854000734855193 -0.22610114038881335
-18.73685606196393 -21.802030815823848 18.343826762356088
22.39241406278272 -22.347888073299387 7.374678953056879
6.140411451562354 13.682746081106814 22.63016842177683
5.616327402255273 2.8306271602003044 -18.071428046640147
-16.84911457920679 15.25646168653526 -14.019763766645172
-6.485995811563338 -4.12394063097296 1.9963524724963868
1.2692482878784261 -4.78060291093621 6.144836940456134
-4.775650851688333 13.809751196099896 -18.35610266281109
9.885459510780564 10.744812538587027 18.06836322669418
3.4286732545395147 23.10848760334075 -14.121847969362477
-23.278168678607038 -20.27835327561766 14.715854646169035
-23.787216309431326 -0.9961734475025246 21.670691973729973
2.3173935214260872 19.84176975657393 -13.457744014733864
-23.47921038961885 -19.53294672888287 -11.400043814743633
-22.548282063276265 -4.553214558893064 -23.92002255049252
-19.229175080527998 -8.06841897556998 -10.725794070039656
12.99586384038549 12.284806842057847 16.35450162151634
-23.165194045548716 11.068239984045938 18.657139105380224
-12.726638308615085 -14.931391664478477 19.35082441718577
19.852982483221552 24.8852057728906 -6.746434140312633
6.005796209973546 18.91482743910081 2.521528706748942
-20.978837625739416 8.313732467877408 21.98950350231174
-10.079849186212558 -2.1043745203438213 6.220725708940083
6.50285234271195 15.381977728128867 19.545693455875032
21.94557747301046 -3.836772387800309 13.745571578857422
-12.002362737655996 -15.425868824016526 6.926349831320039
0.0024240565398585545 -11.319399848443263 -12.200207597075075
8.145147712265995 -9.897223656408027 -2.2540264362639775
-12.642256819003245 -13.931706920378334 -2.4433980798627033
13.437501959057762 -5.993147871904682 2.7176580503386454
-18.594558041856246 9.03254258377509 -6.15217365118264
21.270014959400285 -17.516038275624673 -3.5930695065392975
-9.507123957578633 21.757082805341874 -24.87111875263218
-8.94905173167632 12.229503451731475 1.9391719208061815
5.007597948595453 -5.116562941967196 -6.603963882583113
-2.3067458753359027 -13.119092530308334 -1.6018134902921304
-13.906704810699978 -15.659238797110342 22.44883915641391
-10.64512719857933 -7.805961908696872 -16.822965825099793
16.73476527383896 12.918169153723326 14.126257092262719
22.37324232400976 15.605745306813823 -15.572823787286739
-14.83321639784972 -1.9445681206982037 -7.539519047623262
-17.15854743567038 3.3684975033952504 5.735514374247025
2.1092888651521804 -17.26812707137112 8.686451552868995
21.822774367113908 -12.722783975041214 4.455952520288719
10.183276717924969 -3.213498853205067 -8.618657671435713
9.297277359469831 5.226405203759448 19.332524723495972
-7.613737147239689 -14.075836989714663 10.565848180767865
6.005359140127471 17.04658859391226 -0.5807206262204154
6.471153984880107 14.75891787889207 14.702822545422187
-14.719732098941934 -12.999678102795343 14.396290311216944
-9.92832806363239 -12.56083154469161 -16.416072204639615
-8.077725530979002 11.683086183134776 -3.668750690339621
18.9496151544461 12.983140427619787 10.482436337843367
16.299557845328003 15.18822302925168 17.608772422484996
-14.185775354605246 1.3555345328142856 23.205267215100235
10.600593541293023 11.988541789291446 10.741710196482543
1.584942481801459 5.7306037370154 -17.647548003223733
12.063671971809192 -24.9691807282859 14.812254904204408
2.256114004022834 -21.122125720526213 -16.607893989703165
-7.7592912757635695 -10.79187388440696 19.45122430730146
1.20456553278661 -1.9072716426486451 22.183130793922686
-10.679125721688365 20.4469342829848 14.161492768368404
9.745753461847492 18.5857498329011 -11.607278473005799
-19.73244671551476 12.502896339246064 21.433480958204683
-0.9927139601462187 -1.0125148027340884 8.408163983132702
-3.2954706835054317 13.659690741044152 -19.965310594321608
18.081093621707417 -21.312905805072575 -17.033017500489894
-1.4310688649336 -13.514817987414823 -16.71678628963049
-1.0980292443894086 -0.5495427032030271 -14.0262916821642
-3.131430830002209 14.558803208044878 5.998080968206036
-19.328950268157392 22.353008919051966 14.480766910847983
-20.428563287028588 19.293901172390804 -24.436367749551312
-9.48579591352896 -22.190731172369993 -22.477755268989686
-14.88148758605561 -12.527315651238268 20.041603263008447
22.027202789598313 22.777343291613136 -16.221855216742114
20.80995409283267 15.654021091692435 22.54663889162763
-0.23984298316550579 -3.7962756704185487 -18.102972373146702
3.647970305056486 10.751295857020494 -7.470437628157857
-4.034223117609226 -11.822105333178634 -3.9755363232397016
-1.085544087504335 -20.088701953326776 -19.045279438605156
-16.033204972937376 19.69830008588835 24.63970832751572
5.4781083441246 24.222112497006684 -9.432856712536964
-8.934707583261954 -0.9041042970230073 -11.458409542932973
-14.32102132151723 13.122386094428961 13.328710238245925
9.407692657793007 17.147974030565692 -1.831721631158345
2.754392163318304 -8.94649797366699 -1.8926441575878599
-11.785690919521125 16.124096458573895 13.110658069810412
-15.641889680801786 -0.20806071315228536 -24.89438134796078
8.071298015636238 9.599742163887129 15.96744312389756
15.101129098201369 -20.761629381956553 -12.385799750256066
10.561771940574097 -1.0003396196820766 -16.27343022833216
-24.790205794592158 21.094767530351547 -2.5059280295703026
4.8152390807664105 15.191854945036738 -10.342402935962946
-7.82473043526214 0.09361860369552133 -4.1662353289526735
7.828146772699043 -2.4876011821288735 15.146286552579653
-17.24678885861438 20.687067664609188 -2.007746623709288
21.7064616444818 -6.547700178881772 -13.723141862248072
21.72421616123743 -21.742306409842634 12.005380663570662
23.005435707105562 -20.957366179175636 -22.45016228800515
17.349702059073508 5.423459027722078 -21.03079070093014
19.38090549497936 -2.6658422746714585 -6.367963916241727
-2.620120837778998 -20.403550264885588 22.017783555766677
-3.7162231504819623 7.20379065992087 -2.89580015819179
-18.275331954574714 -22.39704284418173 -14.012491998278032
-1.827064134031854 -0.7422053004624445 0.2920545675465114
-5.583759667035199 24.599795997967213 18.467107228055717
-6.897836133501258 24.19704212599983 -0.7877064495441104
6.706686519767182 -5.957393068795945 5.059269839901269
-0.5807716076741691 -11.519585330770271 7.8023222106490095
1.8985944761981628 -8.653575268541498 -7.960187940171849
3.5230736688913034 -14.090078620602759 -4.604054135924564
11.036745967671763 -12.614459007619816 21.95378273299624
11.30769042150272 8.783940327329567 5.066895247224796
-2.892013945544548 8.412416035333116 -11.191107394647615
3.9910082772111224 24.336050730253348 -12.99189377815625
-9.332888973667213 17.360205946474025 -2.6677838303150416
14.977916072046185 0.3351044239229921 -20.461604297139342
-11.706760106264424 10.851417536205624 19.73016413221255
18.954826991455093 -8.90615671508817 23.864699271960873
19.961006704251126 1.0923227897172438 -10.638853725226133
-20.948599541242622 -19.45247713418351 -8.127192086894276
-16.58951951442767 -19.868577801998775 21.37718217157515
-2.253882468416645 19.198434634104686 15.06158220449916
11.846957856798923 15.416931351806227 -24.458605816005523
22.87269322269956 -23.359705100811457 -18.2214500276083
-20.155125536511463 -15.136563560044936 -18.926641265586586
-18.78836123568517 18.58246757981434 22.4678566907835
21.70774170219734 -3.3988234737800482 16.296267721466258
-17.235297652688992 17.721999597558018 13.63206429326894
14.878287103151344 -16.02497704719022 -23.492798690582372
-0.6856346720724922 -8.90451267832189 18.45216658575101
-22.396817152111314 -23.918500864371527 21.36854890855355
24.931939441609956 -6.453746400235843 14.137259957225496
-11.144558752910172 6.564354456987658 -4.556189321570571
8.218291108801921 -20.702914011062106 14.702005289954343
11.304574595629518 21.261939878307544 20.32056245596774
-7.8812876987318425 -6.871372635994362 -15.498591639610709
0.8319996961763678 -4.9712947372348 -8.451519239563794
-3.9297798855473403 -1.4085088259464875 -10.97844363525149
-18.450321114407984 -20.476606978141486 -8.483032539424073
-7.206269368551954 12.207288957860982 -6.43965254553958
-23.031712752597205 -7.748164538833457 9.186195179567783
-3.491606673095532 10.965828623598576 -21.755265364821668
-8.074288986176008 14.31519634824516 23.827768202457342
-9.15344074444328 -0.6452101199910345 -5.767933012916981
3.871812727391987 24.521240413705982 2.330433029123487
15.194755804161133 18.69304938320331 -21.463040250759242
-8.297608121098165 -17.047647670682576 20.976346482569454
-20.84733008772044 -17.125825984509607 -2.2747973033195095
-8.621809536514618 14.758752499947235 -10.380269278665638
-6.423275538501134 18.028156964917812 -22.505668055227403
5.221483409945897 -8.41116782740065 -10.125856776101072
-0.047568429621374975 13.756679878946137 22.807186983695424
-10.227866369769684 -8.607637877303077 -3.631163190367186
1.503274952554012 3.180698218614797 18.8958424488727
3.4308202933566747 -7.574803053438828 -6.799816550335887
-6.9105482478370845 3.569880413083748 -5.321987908425218
-0.6140135564274409 -0.6351842613641594 10.985846800210354
-20.095793894890956 -17.51312667150416 -3.7267916306385978
20.086201715911386 19.52980385692514 19.387075236196303
-0.5433773107516586 -24.524925190127423 3.745777625549181
-0.09854573851322357 -8.442561446165708 14.281148436840176
-6.288914210765533 0.892790334799038 1.5872046033850076
9.664030544653585 3.2559236421621165 -10.823694499623759
-17.313688967273382 20.721979129419545 0.565119517894491
5.9084311003170455 12.79927925549579 -7.179255022814736
-19.578187385137173 7.082433926888299 4.690244568348607
-19.418948299477762 15.904931873385586 -8.906312530063076
-18.06561416545464 12.176786879096277 17.814308236708605
22.09363724985915 -23.463227481812893 14.232526391747875
23.88001025346921 -10.495084841496588 2.403406535895858
-5.688827708801963 -8.776113968133934 -4.335950711098864
-16.35758040407584 21.48217227525719 -10.328917998308713
14.25998019799166 24.282403087263816 -15.091308269450698
-10.494936240924707 24.220702279575704 -19.748271249395977
22.366570539607416 -18.489571867147433 -12.476240631268082
6.301554169643243 24.217833373335438 13.235338736860328
-11.726683322008913 13.352436939390564 8.723941811815465
20.76992146382056 11.999643827202547 -10.843504371572593
11.644383602037003 8.204205741518258 -17.257632218109677
22.50384634165836 -11.894314365643883 24.709551656099208
-17.34349921201046 15.65967808537129 12.285436381670763
-22.99439660057882 -12.694830703162902 -17.703606891335532
-21.650210983262152 -4.371052356653465 -11.939264139348971
0.5189188345508171 24.274960437132606 -14.391652166026036
6.630431369746159 -9.26648207945635 12.051939239814935
1.2653396953989642 -5.935198108880158 10.661762989685506
-23.541640423609035 -24.32019611551155 -8.152487171395826
3.5999434218926645 -21.702645456034155 -9.669181528256932
