8.969431663040602 6.918074993298241
-14.534169367064031 -19.61445335930931
17.237575362472164 -23.01242858634588
6.006714441173415 5.891415029514285
9.868375589990563 0.9386029565699268
-4.233133494409152 -16.131027306023583
17.81113661376242 2.864689034642236
24.588367611847524 0.47938116162984556
22.091008309497767 5.938139379476574
-19.15500043831423 17.850307573681448
20.88671404961501 -11.2218320507816
11.250096994062353 2.438740043678102
-11.55995079203797 10.076215099716975
-17.91558352571194 -14.056838949411132
-19.01994452513021 -22.518569249920922
-21.856955324372628 -24.02628540011453
-17.802874402222244 -13.512872894437727
-1.348929675551382 -0.04967556906334991
17.23285001517413 -12.79054260513946
-20.089871827216744 21.68580909484418
24.282055304090427 -18.269790697680953
9.010436381107787 19.24755585530569
23.17488252232613 10.03880420535667
18.786266007924254 1.262027175502567
17.45863164885467 11.850760149824048
-17.88842412359955 21.49796689769213
-18.384798869776198 -6.353060755511798
11.992045404543575 -3.8086371184977423
22.812462055733803 11.44230762934668
-20.936672030625132 6.325377656421953
-0.4478633664955005 -18.436712783623967
-20.825444975594735 -10.879137954606088
-6.621839813002435 22.648401449130695
9.89933635972784 3.447096139590645
1.4296745069569141 -14.83268128579075
7.505272985582494 24.04263143976395
-7.122268407678295 24.953662841933507
-2.991120781610622 15.5799825843863
-17.225601459447287 -9.696437995942825
-24.375908973471063 -1.3233594242990812
-8.642393075452308 7.5665825779424125
20.16691853506117 -9.431365061526137
-17.039885813451694 -20.538139589729038
-2.1464215241242073 -18.10001905620008
-19.457965742031014 -16.64968324168669
2.2301873405966965 -7.206473774891865
-7.852804817630076 14.42236431618985
19.18701020722066 -2.526416318500374
23.689524382718417 -2.0989685589394966
-14.716404243565634 5.220030475569949
-0.2450048343837672 -19.79949511139189
-23.49737734534586 -12.45547021706962
16.464486502138968 -13.783631369712351
-22.870685328823143 -21.052312805299152
-10.573959023451735 5.412801487006053
2.83409041112364 14.104687161577907
-4.893317828031346 15.668041467790204
-23.504116228506543 15.445993136121082
-10.72522088575817 11.51486845723442
-23.875258940643157 21.330889087988695
14.95149408856318 -16.568864799888743
-6.3085280452562 -11.718330525080495
17.73732006373517 3.119283948211045
-6.7316388743841316 -4.540239659816464
-5.395598068466306 3.2588172665695687
22.172475618338922 -10.049103284791883
9.754542739591407 -8.227721039869884
-24.039606365876303 -0.8840677693866468
22.491075537241997 4.379761993046316
-13.108949251910001 18.880330694866196
-3.3103417333130203 -7.622928164367448
-15.45964198599486 11.691101929641164
10.289253771315707 -15.004711744161614
17.726298495020714 -6.243121072318807
3.6306504216578936 -2.972190346273411
-5.695301169458322 18.430612889885047
6.118603992687365 21.398791165780203
6.250477356381694 -16.94864851053952
5.284870099289286 -6.942372408940102
7.350596251401328 21.695867041769773
9.618292503554642 19.832727211586842
12.849421813836074 -18.807526723798773
16.350271768357146 -20.064511188689533
-8.75677415601125 6.510250591177151
22.657505450532433 -11.90343769837786
-16.766431996217136 7.982547179202534
-20.448246381932066 20.184234311462518
-17.371481127733375 22.744901993933745
13.376856575124187 -8.641099701727857
18.459716980849173 -6.479034581537036
1.313093562024882 1.0586810371400404
24.87882783307134 -17.080277759972173
21.07636480189371 -5.471431224259643
-9.486137574681152 17.41340323151173
-19.379088162755853 21.526561264846563
-9.39572009084112 -9.199916983692091
4.210520146799357 -23.8550523271397
12.486208140167811 -12.466865742873606
19.038433438444258 13.146626797544016
-5.920238178890507 -2.9801597424682242
