13.047181374331643 4.331464580532728 -24.749731592536232 10.207935639358467 8.6144729529436
20.338663425541107 -20.969073184128195 -0.7961586874006237 24.115222116032463 -10.516246394444023
-2.0952328169502223 -1.2989627771107308 -21.79325698383924 -15.686829813061436 -12.57172028217215
0.08017797429117479 12.180605059566332 -8.501706378566237 11.162263817193647 14.975294919015873
6.549004380524586 13.093801222896495 -24.972067818522266 -2.7130203909675146 4.42797982040193
6.0170009404384714 -22.30709425391716 -4.270462552636928 24.827183247253828 -0.3838416040937105
20.923497953098583 11.598510038889884 12.63060281145485 -2.96029579605921 16.53202885791569
-6.902712310828225 -23.385432543783708 -9.062782750222887 -2.405923295147229 -9.79551689927648
2.5693226141176915 23.381836170838667 -18.447124640545365 -2.206455668808438 20.972680957398318
4.004837215122382 6.345075305881842 -0.7506150631152408 -1.9344769225897345 0.49030416781329933
3.784309221176578 -6.467588061110934 21.14746619439734 7.813137189968458 -16.696092106653587
-8.600035880994167 -10.743694559331225 0.8038761094505631 22.472946051919017 11.528802413233592
-21.29751127167436 22.417378532705747 -4.886121069869166 12.121860878386023 -4.663315545574783
-3.913249380292772 5.487270447422425 9.995172879395618 -5.648484431919844 18.34187848673062
-6.531714660579162 10.104949873447126 8.020736790658944 -8.037888587118225 -8.801395205942342
-1.9050138183830718 12.685233824633642 20.40718421933972 22.872001658817588 5.7862927981212025
1.8032614781825451 -22.701287971139344 2.0466995544677964 18.066082088720734 8.884006236632544
9.097989608230186 -18.934967997762758 -9.270846182203751 16.607035361023733 7.193297190333574
0.9353991322246173 -9.558357224207153 24.768566144893 -7.603883672083828 16.202767819023975
21.792737518623206 -18.921943283292375 14.645515653743914 17.06429759772974 -0.9621968920762782
5.74560814642367 -14.548508354679996 16.005472231314542 -2.1402117658177247 -7.907741459695959
4.6819465000899605 18.550511775084807 21.947094754595767 -16.137100792373833 17.70365857194782
-4.473612421686568 2.828873695696764 0.7202727312863075 -9.467512357525814 17.274799492905323
-11.518638444914053 -9.661673918281005 -18.45869752605683 -18.631678186429628 16.863729355437037
-3.2004673418646554 10.817921573162621 -24.432209775176588 15.32137384892453 -1.7684248607140525
22.2892969892506 -11.947310660811056 -13.5418395669897 15.669871675151057 -13.813504890542704
13.427514627485088 5.608178967008421 6.097389718112666 -15.754256731256094 -1.1014400342064903
-10.22449508619696 -4.646101336029101 7.284532300954645 9.331852158780372 -7.604723184685746
-8.296684662600594 -0.15797643861233368 12.58050598860531 13.103166248527465 -13.100501225978988
22.140477112587035 -3.4626938991343295 -8.460889518301222 0.37825097390204476 -0.15219380783806358
-20.161407450937496 9.535721169814458 2.6121867349680343 -11.890708746108835 6.170062925434127
16.44625079960383 -9.402019030559266 -4.844631032798436 10.577945363638044 19.195027435599762
-11.761127600578636 -17.682572668278357 -7.3859247335669345 16.188783563764723 5.817376387702026
-11.833175814213364 -17.0522716008121 5.7230290616461055 -18.902950540860104 9.065158053042893
9.14749445614546 17.879110635900076 -4.442732239490454 14.224013618790423 2.6524448349417185
1.9143339546293205 15.791783033140113 -3.619481008389709 -21.11961605198045 -22.54295576810264
16.8295570255329 -10.676153472994743 14.126286441314697 5.824668022452563 -17.642493508705932
-13.042913892925295 -19.598403954264008 10.194248758918512 14.394389798124912 -1.2201507688095035
-5.833941564218005 7.215235764438269 -6.814826133047241 9.666337432106253 -8.505373786721243
-19.83276018485619 -3.503046299498042 0.03243096479291907 4.100147001092676 15.165750120213318
-19.586952586775762 2.723343012358498 -3.2704243993119704 9.047048434403806 -10.653547384203582
-4.18447501211498 -10.121054527722423 -23.999844472205435 11.13551118042168 -14.38949837051422
-23.865251391563625 -18.154032956301393 9.051046784131941 3.8351703275706264 -2.522858251756105
14.191973635927255 17.778253050340673 23.489449542302296 -8.603751459950516 -5.566855928546836
-19.73356675085316 14.744365428412017 9.155364526130668 19.861675558322297 4.032350694155685
-19.478399675340654 -9.706032335429827 19.49194186827848 -16.842388585646745 8.958852322480091
-23.62947877750528 14.546585298013312 -4.461993910063093 20.073439314425755 -8.935825764769316
8.622413823609811 -7.559257786218225 -23.598393875553825 0.0032954220724015215 -1.9920648750919376
-9.053716620502279 -16.30479798123185 15.962319423436334 -19.898054836930115 -6.098337310639856
10.322258293462653 -9.088933619109236 4.854661886260995 -9.96339128540576 -10.41019852269086
-22.78827726951782 7.713823095527786 8.597404136723178 -10.45718400541087 17.24505730129391
-13.864513038092612 -7.56091514894235 0.9975409214886817 -11.034912922358231 -17.160309096521804
4.1232148707949605 15.5030846873495 -13.236731864351725 22.53552535502461 6.0604320284081155
-23.686036698521427 4.4804175378576225 8.072964010661991 8.981761029967174 9.432100724999174
-3.865106042198292 17.858670400618927 -3.4862332375894702 -15.28209523860083 -15.117858190037147
13.465052886528163 19.665739367338716 3.3163993519119046 -6.6992821204990385 -21.200574668089793
17.630471330556837 13.4073371094279 11.390216853730081 5.006833121032873 4.280026535174901
6.843837760209169 -14.063028616933154 -24.619990276604742 -1.723466342490049 -18.654067263299744
18.95886995954404 6.010174460890958 -1.8509341166330948 -23.755064533817894 21.422738711917198
17.407269881732546 -8.09629860176107 -6.118070474882298 -11.787263034461537 -11.172240288268027
13.695362909433847 -7.97449211269473 -12.168139611947593 6.086218148775636 13.436829305421519
-16.783614400747595 22.072419067813875 -19.4330339684316 -18.601611589551233 20.49652623009279
5.830021022818688 4.3559893075204315 6.202990229974958 -2.570984144954437 7.622684544974618
12.255118342376086 3.655329962844938 -0.3547443356184736 -6.582320545783276 -16.306595354231323
-5.100035265544207 -19.683337715166733 2.962329898893966 -18.98942240235848 -8.796602569312139
-2.7039867833295688 16.043342055888928 -11.725794225345359 9.822197364000246 21.19642727877107
17.516324963208326 -22.459176283510768 0.8402879087650419 -16.702107184270915 -18.345106239668297
-14.814104942075224 -20.20293066514171 -24.24721364555244 -9.247380431491697 4.226011348855785
17.93630460199794 7.60784772266414 24.69482061616464 -19.319370846582544 18.928306629828576
-19.11445634596765 -17.233291658942782 2.7737490555494837 19.91745854953011 -16.85737891854452
8.66567075321769 -3.115213905348419 2.2304346904202568 -22.55150989313224 -7.819262845529529
-24.476996890354265 -20.453774194118203 11.242469425894498 15.626604598324612 -9.97387856646587
4.40865627787888 13.089997649033549 -22.96505621131077 14.197788707619516 10.215247397646031
18.29648699078202 -6.087343352728158 17.76754833100204 23.307108283880645 15.01542482043515
-1.0072289802748209 -2.9399976885386607 0.7124347721674411 -3.257822513010751 16.206912302004454
-12.434324380402572 9.527492038620068 0.12695309099076724 4.720231692005427 -5.4953821887244025
-23.67776312168645 22.40649624091848 20.84084701595318 20.445135992834587 0.5808080307388224
-16.040747671725306 -14.479477019290982 18.987132006169112 24.00363936535677 17.069163109815655
23.658271219466634 24.560107995103117 -2.281030911404784 7.822502245704527 -17.650390432170898
24.175204608498547 16.703692364304167 21.093165788920736 -8.910988816330072 13.005131388323136
-20.422691457102015 -0.08021116638689563 -6.311441207046979 -7.004207542430617 2.8959471271270907
-17.051049103767664 1.0889806282603551 -14.298251266276058 -20.111546550353786 -3.6106670741722198
12.46391949227754 -5.384660272136081 -16.200269656294864 -14.108941835246224 -4.789108385247516
-17.113143642921138 -10.07931738282381 14.216178611674188 -1.2899189469320334 13.878923977650402
4.153374895799061 4.14212827271065 10.106165891900048 6.541125150232922 -5.566185438353479
-22.46012019602247 -0.40980973560281697 -1.0635425802965486 7.573037405921006 5.265820301328311
-19.855725707442808 -11.857698030184654 13.839799993749743 22.30095964152016 -16.2857292844228
20.85032247664978 8.2203367222506 -1.8035224925735562 -12.424873353381722 21.76396630056844
23.558444360548755 22.936368185737983 -2.8379055449448174 2.0893302941752836 -12.695554126899749
3.6057837036273064 12.939682964676827 11.697870547567383 4.217017581532655 8.78484139644906
13.492037536744547 -23.678490768318163 -19.760459025528764 -1.413066852792543 -9.30512406012448
-17.921183572311694 21.065946016107745 -2.3055421172177972 15.707469650949271 6.155943920717917
24.746405907653077 -16.286402851880965 -14.994325679939074 -2.528141995918638 20.499159044019947
0.3850598654939077 -4.319498898803925 8.852864838125079 -2.339174686861984 3.3222408286211262
-16.112564560824428 18.418665850993456 -13.444765836490197 -3.898471145191291 4.39110251245317
-10.51545528856826 -7.0935919044194655 16.791791490832523 6.32100721591215 7.619189137441673
-0.08718718188490016 13.431250636244059 15.513733108926253 12.829597957923845 9.592501316395229
3.9140124783092425 -10.48084327949711 17.024632363209754 -10.586409021329136 -5.271369718094249
14.060832334761777 14.711008814150276 19.161970832054536 5.001042450450914 24.876721286854888
-13.12178832343705 -6.052384544833032 4.929767424320165 9.744928393731996 12.860120044072964
