9.007319865028649 -2.649503841881213 -0.6067934687005021
-10.954485411000881 -10.001872703950498 -11.314768652313578
3.0895617017772103 -0.6690824077712314 -14.130415404070828
12.381932022932432 0.7393489018476345 -21.045747266477328
-2.1757023079207087 -11.026896803986553 -14.257355645244136
-22.66044478499149 -17.27518804928581 10.830664943491293
22.422646043845496 -2.4336564132761964 12.197846359910862
7.059573116815663 4.045479607057352 -18.568434210285318
-20.184702825876933 -15.560477419401025 -21.574865875646733
18.51745669963052 -16.348972005970204 12.829485181234539
5.666002576467317 -24.586886801492913 11.07078724634379
-3.6795664684941762 -20.91890229213683 1.8775987990379228
-0.21100945307784258 -2.1362418018891844 4.575042501301073
-10.172531129798468 -19.56800911434864 -9.691196779825518
18.256346218314725 20.96328510523088 -23.88082872288274
18.982239385176314 7.769901711842763 -18.05813948969223
15.263724306497004 19.633478812300496 19.667947786509934
-13.73154729968688 12.391480314507838 6.157324613397929
12.21789244825704 14.691273444519744 -5.981698666887979
-4.738381581793533 -1.6799926472470652 23.42594651613969
7.090705128066773 -6.2823289730841125 5.416326726077443
7.437485702457167 6.267638711993577 3.3477342355349435
23.690331587645133 -17.920773214976037 -2.8188192217296297
-16.62449263710439 -12.664524456090815 -4.119355207129686
-18.707688859451988 8.113691758622174 -24.630777413932027
12.064639770884014 -21.878432440196367 -20.931085633173865
-8.846662493088552 -19.551886817445506 -24.992166032050143
-12.125556311147918 -4.077824528212204 19.68930229668159
1.7366004581255936 -15.846565994184598 -3.2926799604747146
1.5737391440558675 -12.346635630567453 -5.038985952639425
-18.17681461018926 12.768237810792158 20.734585906527172
1.9096086433233346 -17.581746903560763 -8.861424397971529
-20.03794772655914 -0.8432611597073816 3.23341847452393
19.200718498212538 -17.880720493543663 -7.197014053683979
-7.980182297600756 2.6206562586351083 9.689402821527374
3.984521808177316 -2.05744217095787 14.23993476438173
-24.94734025258978 -6.022673710106886 24.579713718946856
-3.3981097306479917 17.127983470663544 7.31374949681701
-12.389817013411259 2.456968769282092 10.033438787455864
-23.335887379452082 8.48206255887429 -8.59494113273956
6.594247252528607 20.307975627394185 1.083860711727759
7.065199711490131 24.77061097474222 7.697989243713856
-0.3595667611849933 1.220837816607034 -11.753644427503717
-2.1697265787797058 -21.56435107274867 20.450890643010695
-22.76429368272711 -9.28325674347485 23.511834426855195
-22.17463410959749 -6.251461423871941 14.600244439632426
20.956865321776583 -21.2040593184181 -15.629164641881987
18.095712562046877 -16.72977844884541 -3.904784950564416
-24.062040343248004 8.580189343885728 -3.225868941998904
-1.8925900770875188 22.198715744833876 1.5819528514723409
2.802642050623387 20.10269425810526 -2.5986520793739594
-4.949304240487386 -17.45215595362144 1.6094771962660026
23.985315673369023 21.721506440280194 19.48769148354448
-11.395168980638948 -9.36849852439215 -8.98319002668229
-9.360241770436195 23.81124832703118 19.58912171028191
-12.06666006120971 3.1646355295409485 23.804524143060476
-1.3088703738259042 12.614431452226704 -4.9966186604408165
-9.610699664834254 -23.180583560412245 -20.03802279242161
-21.966385536268497 11.593493292723508 15.5950700397429
-7.769807779707389 13.332204666623426 -2.321164087144652
-21.992471294281895 -16.12212800844278 -0.6437171341149508
15.017789389277787 12.256039452500502 5.035665515555525
-12.65080165854383 5.680548277780563 11.822499005110373
-24.969584183715583 3.1493293260464235 -19.406634850772797
-10.184891326036706 1.0582681759310582 -3.482267074565513
3.3834743061791563 -10.19562632004557 6.865196169115794
-7.928630905912758 10.691224942027652 20.279087440055385
13.427024558657955 -20.58601199214907 20.09073027192695
2.501094513487871 0.7915168577121712 4.785595652497488
3.631457055279668 2.8659137401550794 10.603777133310558
-19.26130894849062 23.01569840133122 20.303725767073985
-15.999583501753056 -8.241326881666438 8.72835524774355
19.71410720267501 -11.117046045205047 19.927411829389207
10.80493407153633 -2.1665820949286037 -24.88907525669795
-23.688569038017228 -9.669214214679677 18.703618418725995
14.59923183894923 -24.25487006243996 -1.9906508681001789
-12.296653026539522 8.090310338585624 -10.498311975426395
16.746959482535985 -5.921815895116751 -5.4543134865788865
-3.487792421698373 -23.631991333961462 -5.397496187637408
-3.1144907998940212 7.510137763247471 -10.120785266783638
-18.061767485931647 -2.033614242194986 -3.089367373526585
-23.481435202233886 10.12287178646801 -20.629220269469368
-4.148017265852715 2.1844149458631996 19.049455999371062
-14.413989509378904 -9.903312631520084 -2.580154475292513
-14.973941983583162 -5.619430528849296 -5.77895000538237
-15.464123380454458 22.603768419364386 -16.916568464223914
-23.223839653324468 -9.062233354169024 -5.592664508120045
21.460716326987686 -1.8236646660971516 -14.621663344455794
-10.61658552077528 -3.360914381439706 22.225067136436344
5.27013991290174 9.600679379731496 23.43733392051483
15.047892938889355 -12.761498170606561 -21.928063122920705
-5.0913973042073835 -7.573379201097154 -15.13255470359357
-9.384473336376848 19.432186062333514 -22.112808301426075
5.228046832501043 -23.57928240287838 17.27126269033475
2.7500099993828506 4.097756597520526 1.1798972802118541
-22.867017810838313 -23.527607321823012 -6.680338640946054
-17.9057260964607 5.717984213476168 -11.542102723390624
-18.739625583945013 -12.17564419367308 -13.416898602159954
-20.33698503809883 -18.91946981096975 24.874976415536807
23.327287692664306 1.3175975035301661 11.502554921492226
