0.02950863530059855 0.6664590709728704 
1.5766618050558407 1.512688543921183 
2.4485785555267268 2.598740389856525 
1.0513502788927993 1.7839029137935802 
0.10720464486079428 0.7843795604380641 
0.3891787421124697 0.9281997275779048 
1.4162712974875644 1.6326368521866437 
2.9701784012732606 2.284828700529264 
2.4926169622066348 2.399865017523339 
0.8424661466732657 0.01885213273842945 
0.7265870437112694 0.8775473213407365 
1.4212075179439516 1.5932122169963772 
0.2927918243483023 0.45959755316995565 
0.15556390474887438 0.924453986268174 
1.901448182805202 1.6931960793938776 
0.23961176182107757 0.7098289347954925 
2.01439243690364 2.3141111792505766 
0.45558935509433385 0.7169642786145434 
1.9766883019428112 1.2567957348391006 
2.892021479671543 2.351570417787687 
2.2661279022278475 2.2592707404117967 
0.6860679972940943 0.7715078132993277 
1.8303095461681957 1.2340678549254727 
1.87569357442164 1.5193101327563823 
0.2619894360167072 0.19798747492435753 
0.9394612023443412 0.7167096207466876 
0.45879140669067775 0.7260157735277422 
2.342127953344171 2.059257451313287 
1.0076622762456635 1.4337609302746213 
2.971953016249002 2.6986396490693694 
2.3924301113830087 2.9511303746570015 
1.4972083357362838 1.0044220618289568 
1.889811437345546 1.0917250212786378 
2.423179006642164 2.4095803100549626 
1.0201135987273564 1.292497932530778 
0.8624185991745353 0.5274008622526075 
0.3063849630496229 0.32036634145409304 
1.9762616690559862 1.6272067403772952 
1.0049673227053297 1.7337379750354764 
0.7420064315322 0.08518503703986513 
2.2930228145200298 2.083168834047141 
0.7146078962445125 0.21851312986729088 
1.196384466584344 1.8785860779656967 
2.0972912632482044 2.448290852815682 
0.7741095707284595 0.09494085632772997 
1.6999028653764618 1.2259695630218044 
1.2281534573826618 1.638634561707598 
0.05293941797906154 0.26559786937238794 
1.9455989735535253 1.898945743464488 
0.07720212794563153 0.764115234551045 
0.09940942929844687 0.8652609440509091 
2.975364251632068 2.186307930623962 
0.36972504830784436 0.5902525593681166 
0.1527064234492258 0.7093753885121779 
2.493284789908751 2.16874242753661 
1.1979958029268931 1.233018376355751 
0.008980599417177326 0.6556483985116709 
2.0605534521389735 2.213744751595959 
2.9413640075629575 2.5242327546623144 
1.2026655345991046 1.564762014416828 
1.668798231984215 1.4743245836627543 
2.0877538563996207 2.7666486234817214 
2.4999279434156634 2.015548396465597 
0.28455553730594974 0.2838542584489936 
0.06634312179462554 0.3753139510058201 
0.04033691885287449 0.17443815102781512 
1.6916995686251948 1.8590806740980161 
0.266984779208047 0.9014813211282419 
0.04847964507261948 0.7118848482321165 
1.3660812173978187 1.4323876581399024 
1.6751962112997698 1.2177545427816665 
1.7317829333663632 1.1882654539044375 
0.7876874800122117 0.13998362920085616 
2.085238139832456 2.9916540571126204 
2.039298197378388 2.935548229246132 
1.9843024662747377 1.6797781533939804 
0.17348523210166766 0.39318347133573694 
1.9838890523550425 1.5384690140535087 
1.1553310847362726 1.2640558123418257 
2.775529475661832 2.1934935790365717 
0.062404044966331895 0.06188767593575173 
1.3866104549791238 1.7230284417364818 
2.540522556052331 2.621923370315541 
2.806686747014038 2.531458009171061 
2.665997030131367 2.7068196805224747 
0.11568338538760503 0.6224116082678224 
0.3484580736074564 0.02435286062685904 
1.5967192523207883 1.608597907328096 
2.6486564270536523 2.578807265302644 
1.7610242071610003 1.3698136202852953 
0.573064244673185 0.7825025492249248 
0.2057759846832491 0.6548270080808708 
1.62064621709932 1.056853029646935 
1.004311060826047 1.808955087620716 
2.267267300151811 2.5314027888967354 
1.0870415215192168 1.8127916571630234 
0.6828773984710524 0.9484236022087634 
0.6665347337757827 0.16839972713240614 
0.48600218791018446 0.37045836511691843 
2.446940350705336 2.3931923349713546 
